4 0.4752833549222798 0.5632232297063903 0.5165722150259067 0.5632232297063903 0.5165722150259067 0.6204339378238343 0.4752833549222798 0.6204339378238343
20 0.28503076424870466 0.606401122625216 0.3635605569948187 0.606401122625216 0.3635605569948187 0.6636118307426598 0.28503076424870466 0.6636118307426598
12 0.6210087435233161 0.5232836787564766 0.6971097797927461 0.5232836787564766 0.6971097797927461 0.6938363557858377 0.6210087435233161 0.6938363557858377
16 0.7205877590673575 0.49521804835924005 0.8039750647668393 0.49521804835924005 0.8039750647668393 0.6862802245250432 0.7205877590673575 0.6862802245250432
15 0.41132610103626943 0.8557534542314335 0.4963325777202073 0.8557534542314335 0.4963325777202073 0.9518242659758205 0.41132610103626943 0.9518242659758205
0 0.5238584844559585 0.9183613989637306 0.5513843911917099 0.9183613989637306 0.5513843911917099 0.9550626079447323 0.5238584844559585 0.9550626079447323
27 0.5635281735751295 0.8535945595854922 0.5967211787564767 0.8535945595854922 0.5967211787564767 0.9442681347150259 0.5635281735751295 0.9442681347150259
1 0.6031978626943005 0.8352439550949914 0.624247085492228 0.8352439550949914 0.624247085492228 0.8611506908462867 0.6031978626943005 0.8611506908462867
5 0.6299141839378238 0.8708657167530224 0.6574400906735751 0.8708657167530224 0.6574400906735751 0.9054080310880829 0.6299141839378238 0.9054080310880829
15 0.70358646373057 0.21132340241796202 0.8387872409326425 0.21132340241796202 0.8387872409326425 0.31710924006908464 0.70358646373057 0.31710924006908464
