22 0.0015160891089108896 0.12066831683168316 0.04947400990099009 0.12066831683168316 0.04947400990099009 0.27124587458745875 0.0015160891089108896 0.27124587458745875
23 0.002289603960396036 0.4197607260726073 0.03555074257425743 0.4197607260726073 0.03555074257425743 0.587871287128713 0.002289603960396036 0.587871287128713
21 0.04870049504950495 0.29806105610561057 0.1546720297029703 0.29806105610561057 0.1546720297029703 0.4465759075907591 0.04870049504950495 0.4465759075907591
13 0.11290222772277228 0.15676567656765675 0.21268564356435643 0.15676567656765675 0.21268564356435643 0.3186881188118812 0.11290222772277228 0.3186881188118812
20 0.2072710396039604 0.27640264026402644 0.30396039603960395 0.27640264026402644 0.30396039603960395 0.3877887788778878 0.2072710396039604 0.3877887788778878
19 0.20417698019801983 0.4259488448844885 0.3287128712871287 0.4259488448844885 0.3287128712871287 0.5827145214521452 0.20417698019801983 0.5827145214521452
8 0.22274133663366338 0.0 0.42926980198019804 0.0 0.42926980198019804 0.26918316831683164 0.22274133663366338 0.26918316831683164
12 0.36661509900990097 0.18873762376237624 0.45711633663366336 0.18873762376237624 0.45711633663366336 0.3578795379537954 0.36661509900990097 0.3578795379537954
18 0.29545173267326735 0.2330858085808581 0.372029702970297 0.2330858085808581 0.372029702970297 0.43626237623762376 0.29545173267326735 0.43626237623762376
15 0.4888304455445544 0.20008250825082508 0.6133663366336634 0.20008250825082508 0.6133663366336634 0.3702557755775578 0.4888304455445544 0.3702557755775578
14 0.5043007425742574 0.3052805280528053 0.5762376237623762 0.3052805280528053 0.5762376237623762 0.5033003300330033 0.5043007425742574 0.5033003300330033
16 0.4014232673267327 0.4744224422442244 0.5259591584158416 0.4744224422442244 0.5259591584158416 0.7126650165016503 0.4014232673267327 0.7126650165016503
17 0.6443069306930693 0.3836633663366336 0.8028774752475247 0.3836633663366336 0.8028774752475247 0.6342821782178217 0.6443069306930693 0.6342821782178217
14 0.10980816831683168 0.587871287128713 0.28771658415841583 0.587871287128713 0.28771658415841583 0.8292079207920792 0.10980816831683168 0.8292079207920792
37 0.8709467821782179 0.26196369636963696 0.9970297029702969 0.26196369636963696 0.9970297029702969 0.5693069306930693 0.8709467821782179 0.5693069306930693
36 0.5816522277227723 0.026815181518151817 0.6458539603960396 0.026815181518151817 0.6458539603960396 0.14645214521452143 0.5816522277227723 0.14645214521452143
33 0.6922648514851485 0.0010313531353135313 0.7502784653465346 0.0010313531353135313 0.7502784653465346 0.06910066006600661 0.6922648514851485 0.06910066006600661
20 0.8253094059405941 0.004125412541254125 0.8724938118811881 0.004125412541254125 0.8724938118811881 0.07322607260726072 0.8253094059405941 0.07322607260726072
0 0.9622215346534654 0.19801980198019803 0.9978032178217822 0.19801980198019803 0.9978032178217822 0.23514851485148514 0.9622215346534654 0.23514851485148514
0 0.9575804455445545 0.25474422442244227 0.9970297029702969 0.25474422442244227 0.9970297029702969 0.28981023102310227 0.9575804455445545 0.28981023102310227
