15 0.24060582822085888 0.5939928425357872 0.43711656441717783 0.5939928425357872 0.43711656441717783 0.8074386503067484 0.24060582822085888 0.8074386503067484
14 0.6278757668711656 0.6540644171779141 0.7496165644171778 0.6540644171779141 0.7496165644171778 0.875178936605317 0.6278757668711656 0.875178936605317
13 0.7783742331288342 0.6821830265848671 0.910659509202454 0.6821830265848671 0.910659509202454 0.8713445807770961 0.7783742331288342 0.8713445807770961
19 0.25881901840490795 0.411221881390593 0.3652223926380368 0.411221881390593 0.3652223926380368 0.5799335378323108 0.25881901840490795 0.5799335378323108
20 0.4936733128834356 0.5275306748466257 0.6019938650306748 0.5275306748466257 0.6019938650306748 0.6387269938650306 0.4936733128834356 0.6387269938650306
24 0.4093174846625766 0.31280674846625767 0.47258435582822084 0.31280674846625767 0.47258435582822084 0.4827965235173824 0.4093174846625766 0.4827965235173824
21 0.5483128834355828 0.3882157464212678 0.629792944785276 0.3882157464212678 0.629792944785276 0.5339212678936605 0.5483128834355828 0.5339212678936605
12 0.33550613496932513 0.10319529652351737 0.4284892638036809 0.10319529652351737 0.4284892638036809 0.28724437627811855 0.33550613496932513 0.28724437627811855
14 0.21855828220858892 0.05973926380368098 0.3307131901840491 0.05973926380368098 0.3307131901840491 0.24762269938650305 0.21855828220858892 0.24762269938650305
8 0.15433282208588955 0.0035020449897750503 0.3518021472392638 0.0035020449897750503 0.3518021472392638 0.18371676891615543 0.15433282208588955 0.18371676891615543
