5 0.07152777777777777 0.10833333333333334 0.08194444444444444 0.10833333333333334 0.08194444444444444 0.1337962962962963 0.07152777777777777 0.1337962962962963
34 0.10625 0.11296296296296297 0.13229166666666667 0.11296296296296297 0.13229166666666667 0.1337962962962963 0.10625 0.1337962962962963
20 0.16354166666666664 0.09212962962962964 0.18958333333333333 0.09212962962962964 0.18958333333333333 0.11759259259259262 0.16354166666666664 0.11759259259259262
11 0.23472222222222222 0.10601851851851846 0.24340277777777777 0.10601851851851846 0.24340277777777777 0.11296296296296297 0.23472222222222222 0.11296296296296297
14 0.29375 0.09675925925925928 0.3145833333333333 0.09675925925925928 0.3145833333333333 0.11296296296296297 0.29375 0.11296296296296297
23 0.35277777777777775 0.08981481481481476 0.37881944444444443 0.08981481481481476 0.37881944444444443 0.10833333333333334 0.35277777777777775 0.10833333333333334
19 0.3857638888888889 0.0875 0.4239583333333333 0.0875 0.4239583333333333 0.10370370370370369 0.3857638888888889 0.10370370370370369
31 0.4534722222222222 0.0875 0.4725694444444445 0.0875 0.4725694444444445 0.11296296296296297 0.4534722222222222 0.11296296296296297
25 0.49513888888888885 0.09675925925925928 0.5177083333333333 0.09675925925925928 0.5177083333333333 0.12453703703703703 0.49513888888888885 0.12453703703703703
7 0.5524305555555555 0.10833333333333334 0.5802083333333333 0.10833333333333334 0.5802083333333333 0.1476851851851851 0.5524305555555555 0.1476851851851851
26 0.6548611111111111 0.10138888888888893 0.6739583333333333 0.10138888888888893 0.6739583333333333 0.15231481481481476 0.6548611111111111 0.15231481481481476
35 0.7069444444444445 0.09212962962962964 0.7364583333333333 0.09212962962962964 0.7364583333333333 0.15231481481481476 0.7069444444444445 0.15231481481481476
28 0.79375 0.10370370370370369 0.8232638888888889 0.10370370370370369 0.8232638888888889 0.1662037037037037 0.79375 0.1662037037037037
36 0.057638888888888885 0.18472222222222215 0.08194444444444444 0.18472222222222215 0.08194444444444444 0.20555555555555546 0.057638888888888885 0.20555555555555546
32 0.12361111111111112 0.16388888888888892 0.15138888888888888 0.16388888888888892 0.15138888888888888 0.2263888888888888 0.12361111111111112 0.2263888888888888
24 0.17916666666666664 0.1731481481481481 0.2 0.1731481481481481 0.2 0.2101851851851851 0.17916666666666664 0.2101851851851851
10 0.24861111111111112 0.16388888888888892 0.278125 0.16388888888888892 0.278125 0.19861111111111107 0.24861111111111112 0.19861111111111107
33 0.3111111111111111 0.15462962962962964 0.35277777777777775 0.15462962962962964 0.35277777777777775 0.2101851851851851 0.3111111111111111 0.2101851851851851
8 0.4413194444444445 0.16851851851851846 0.45868055555555554 0.16851851851851846 0.45868055555555554 0.2125 0.4413194444444445 0.2125
22 0.528125 0.175462962962963 0.5541666666666667 0.175462962962963 0.5541666666666667 0.21712962962962964 0.528125 0.21712962962962964
16 0.5888888888888888 0.15694444444444441 0.6288194444444445 0.15694444444444441 0.6288194444444445 0.20787037037037034 0.5888888888888888 0.20787037037037034
18 0.6878472222222223 0.1893518518518518 0.715625 0.1893518518518518 0.715625 0.2263888888888888 0.6878472222222223 0.2263888888888888
17 0.7763888888888888 0.20555555555555546 0.8354166666666666 0.20555555555555546 0.8354166666666666 0.25185185185185177 0.7763888888888888 0.25185185185185177
21 0.04375 0.25185185185185177 0.09930555555555556 0.25185185185185177 0.09930555555555556 0.3097222222222221 0.04375 0.3097222222222221
13 0.11666666666666667 0.2657407407407407 0.153125 0.2657407407407407 0.153125 0.29351851851851846 0.11666666666666667 0.29351851851851846
2 0.2 0.26342592592592595 0.24340277777777777 0.26342592592592595 0.24340277777777777 0.30277777777777776 0.2 0.30277777777777776
38 0.2815972222222222 0.24953703703703703 0.33368055555555554 0.24953703703703703 0.33368055555555554 0.3375 0.2815972222222222 0.3375
30 0.38229166666666664 0.24953703703703703 0.40138888888888885 0.24953703703703703 0.40138888888888885 0.2888888888888888 0.38229166666666664 0.2888888888888888
29 0.4222222222222222 0.25416666666666665 0.4708333333333333 0.25416666666666665 0.4708333333333333 0.29351851851851846 0.4222222222222222 0.29351851851851846
4 0.5107638888888888 0.26111111111111107 0.5541666666666667 0.26111111111111107 0.5541666666666667 0.29583333333333334 0.5107638888888888 0.29583333333333334
3 0.6131944444444445 0.25416666666666665 0.6392361111111111 0.25416666666666665 0.6392361111111111 0.27268518518518514 0.6131944444444445 0.27268518518518514
1 0.6774305555555555 0.27268518518518514 0.7069444444444445 0.27268518518518514 0.7069444444444445 0.312037037037037 0.6774305555555555 0.312037037037037
6 0.7590277777777777 0.2680555555555555 0.809375 0.2680555555555555 0.809375 0.3097222222222221 0.7590277777777777 0.3097222222222221
14 0.03680555555555555 0.3699074074074074 0.06805555555555556 0.3699074074074074 0.06805555555555556 0.40925925925925927 0.03680555555555555 0.40925925925925927
15 0.11666666666666667 0.37685185185185177 0.16180555555555556 0.37685185185185177 0.16180555555555556 0.425462962962963 0.11666666666666667 0.425462962962963
9 0.20520833333333335 0.3907407407407407 0.22777777777777777 0.3907407407407407 0.22777777777777777 0.43935185185185177 0.20520833333333335 0.43935185185185177
37 0.25902777777777775 0.37916666666666665 0.3111111111111111 0.37916666666666665 0.3111111111111111 0.4324074074074074 0.25902777777777775 0.4324074074074074
12 0.35104166666666664 0.37685185185185177 0.41527777777777775 0.37685185185185177 0.41527777777777775 0.43009259259259264 0.35104166666666664 0.43009259259259264
27 0.46388888888888885 0.3421296296296296 0.5090277777777777 0.3421296296296296 0.5090277777777777 0.39768518518518514 0.46388888888888885 0.39768518518518514
