21 0.2084603658536585 0.7278963414634146 0.3237423780487805 0.7278963414634146 0.3237423780487805 0.8968495934959348 0.2084603658536585 0.8968495934959348
8 0.15796493902439024 0.002540650406504065 0.36089939024390244 0.002540650406504065 0.36089939024390244 0.20579268292682923 0.15796493902439024 0.20579268292682923
14 0.21989329268292682 0.053353658536585365 0.3342225609756097 0.053353658536585365 0.3342225609756097 0.25406504065040647 0.21989329268292682 0.25406504065040647
12 0.33612804878048774 0.10289634146341461 0.4275914634146341 0.10289634146341461 0.4275914634146341 0.2870934959349593 0.33612804878048774 0.2870934959349593
20 0.3589939024390244 0.46112804878048774 0.45998475609756095 0.46112804878048774 0.45998475609756095 0.5602134146341463 0.3589939024390244 0.5602134146341463
14 0.5133384146341463 0.4357215447154471 0.6086128048780488 0.4357215447154471 0.6086128048780488 0.63135162601626 0.5133384146341463 0.63135162601626
19 0.3332698170731707 0.5564024390243902 0.46951219512195114 0.5564024390243902 0.46951219512195114 0.7190040650406503 0.3332698170731707 0.7190040650406503
24 0.4923780487804878 0.6338922764227642 0.5571646341463414 0.6338922764227642 0.5571646341463414 0.7964939024390244 0.4923780487804878 0.7964939024390244
15 0.5609756097560975 0.6377032520325202 0.7191310975609755 0.6377032520325202 0.7191310975609755 0.8917682926829268 0.5609756097560975 0.8917682926829268
13 0.6915015243902438 0.44969512195121947 0.7905868902439024 0.44969512195121947 0.7905868902439024 0.6211890243902438 0.6915015243902438 0.6211890243902438
