16 0.30705445544554455 0.25165016501650167 0.4300433168316832 0.25165016501650167 0.4300433168316832 0.35066006600660066 0.30705445544554455 0.35066006600660066
12 0.4517017326732673 0.12066831683168316 0.5251856435643564 0.12066831683168316 0.5251856435643564 0.3094059405940594 0.4517017326732673 0.3094059405940594
20 0.38595297029702974 0.5754950495049506 0.4555693069306931 0.5754950495049506 0.4555693069306931 0.6342821782178217 0.38595297029702974 0.6342821782178217
27 0.3650680693069307 0.6353135313531353 0.40915841584158413 0.6353135313531353 0.40915841584158413 0.7002887788778878 0.3650680693069307 0.7002887788778878
0 0.47645420792079207 0.6518151815181519 0.5035272277227723 0.6518151815181519 0.5035272277227723 0.6858498349834984 0.47645420792079207 0.6858498349834984
5 0.5029865967365967 0.6342268842268842 0.5313737623762377 0.6342268842268842 0.5313737623762377 0.6549092409240924 0.5029865967365967 0.6549092409240924
1 0.7269813519813519 0.5817793317793318 0.7502913752913754 0.5817793317793318 0.7502913752913754 0.6123737373737373 0.7269813519813519 0.6123737373737373
6 0.7007575757575758 0.6002331002331002 0.7419143356643356 0.6002331002331002 0.7419143356643356 0.6366550116550117 0.7007575757575758 0.6366550116550117
15 0.3532925407925408 0.8056526806526807 0.4206730769230769 0.8056526806526807 0.4206730769230769 0.878010878010878 0.3532925407925408 0.878010878010878
15 0.43414918414918413 0.828962703962704 0.5048076923076923 0.828962703962704 0.5048076923076923 0.9047202797202797 0.43414918414918413 0.9047202797202797
