4 0.30303030303030304 0.22193084693084691 0.3478292540792541 0.22193084693084691 0.3478292540792541 0.29526029526029524 0.30303030303030304 0.29526029526029524
0 0.4173951048951049 0.2957459207459207 0.45090326340326337 0.2957459207459207 0.45090326340326337 0.3239121989121989 0.4173951048951049 0.3239121989121989
5 0.564539627039627 0.29526029526029524 0.5965909090909091 0.29526029526029524 0.5965909090909091 0.3146853146853147 0.564539627039627 0.3146853146853147
15 0.7349941724941724 0.18550893550893552 0.7987325174825175 0.18550893550893552 0.7987325174825175 0.286033411033411 0.7349941724941724 0.286033411033411
15 0.6457604895104895 0.1927933177933178 0.777972027972028 0.1927933177933178 0.777972027972028 0.3035159285159285 0.6457604895104895 0.3035159285159285
27 0.3456439393939394 0.6322843822843823 0.4173951048951049 0.6322843822843823 0.4173951048951049 0.6978438228438228 0.3456439393939394 0.6978438228438228
20 0.3849796037296037 0.5778943278943278 0.45563811188811193 0.5778943278943278 0.45563811188811193 0.6317987567987567 0.3849796037296037 0.6317987567987567
10 0.4618298368298368 0.574980574980575 0.5976835664335665 0.574980574980575 0.5976835664335665 0.6827894327894327 0.4618298368298368 0.6827894327894327
12 0.6169871794871795 0.5264180264180264 0.6898310023310024 0.5264180264180264 0.6898310023310024 0.6852175602175603 0.6169871794871795 0.6852175602175603
1 0.5783799533799534 0.9294871794871794 0.6086101398601398 0.9294871794871794 0.6086101398601398 0.9697940947940947 0.5783799533799534 0.9697940947940947
