37 0.1328125 0.0 0.2615527849740933 0.0 0.2615527849740933 0.2523424006908463 0.1328125 0.2523424006908463
0 0.0 0.40208333333333335 0.015438795336787565 0.40208333333333335 0.015438795336787565 0.42937176165803115 0.0 0.42937176165803115
17 0.35789345854922283 0.0148639896373057 0.45342454663212434 0.0148639896373057 0.45342454663212434 0.2523424006908463 0.35789345854922283 0.2523424006908463
15 0.42832739637305706 0.38295552677029365 0.5594802461139896 0.38295552677029365 0.5594802461139896 0.49521804835924005 0.42832739637305706 0.49521804835924005
14 0.4971421632124352 0.15411269430051813 0.5691952720207254 0.15411269430051813 0.5691952720207254 0.34841321243523315 0.4971421632124352 0.34841321243523315
16 0.5594802461139896 0.01702288428324698 0.6509634067357514 0.01702288428324698 0.6509634067357514 0.22103842832469775 0.5594802461139896 0.22103842832469775
14 0.7133014896373057 0.007307858376511226 0.8193571891191709 0.007307858376511226 0.8193571891191709 0.18217832469775477 0.7133014896373057 0.18217832469775477
12 0.5959115932642487 0.32790371329879103 0.7092535621761658 0.32790371329879103 0.7092535621761658 0.5178864421416235 0.5959115932642487 0.5178864421416235
23 0.9343183290155441 0.1886550086355786 0.9984375 0.1886550086355786 0.9984375 0.3145833333333333 0.9343183290155441 0.3145833333333333
33 0.018677137305699483 0.73161701208981 0.19111884715025906 0.73161701208981 0.19111884715025906 0.9604598445595856 0.018677137305699483 0.9604598445595856
36 0.2882691062176166 0.6700885146804836 0.41132610103626943 0.6700885146804836 0.41132610103626943 0.8611506908462867 0.2882691062176166 0.8611506908462867
8 0.6274854274611399 0.31063255613126084 0.9254128886010363 0.31063255613126084 0.9254128886010363 0.7046308290155441 0.6274854274611399 0.7046308290155441
13 0.861455634715026 0.40130613126079445 0.9861318005181348 0.40130613126079445 0.9861318005181348 0.5686204663212435 0.861455634715026 0.5686204663212435
21 0.9084115932642487 0.30091753022452505 0.9796551165803109 0.30091753022452505 0.9796551165803109 0.40454447322970644 0.9084115932642487 0.40454447322970644
19 0.7084439766839379 0.18325777202072538 0.8055942357512954 0.18325777202072538 0.8055942357512954 0.2933613989637306 0.7084439766839379 0.2933613989637306
18 0.6849659974093265 0.2253562176165803 0.7634957901554404 0.2253562176165803 0.7634957901554404 0.40454447322970644 0.6849659974093265 0.40454447322970644
