19 0.6489647239263803 0.7077453987730061 0.7745398773006135 0.7077453987730061 0.7745398773006135 0.8943507157464212 0.6489647239263803 0.8943507157464212
20 0.7390720858895705 0.5607617586912066 0.8694401840490796 0.5607617586912066 0.8694401840490796 0.7039110429447852 0.7390720858895705 0.7039110429447852
15 0.4562883435582822 0.5249744376278118 0.6259585889570551 0.5249744376278118 0.6259585889570551 0.789544989775051 0.4562883435582822 0.789544989775051
24 0.3748082822085889 0.39460633946830265 0.4428680981595091 0.39460633946830265 0.4428680981595091 0.5671523517382412 0.3748082822085889 0.5671523517382412
13 0.5677816901408451 0.429137323943662 0.6767165492957747 0.429137323943662 0.6767165492957747 0.6029929577464789 0.5677816901408451 0.6029929577464789
21 0.272887323943662 0.5325704225352113 0.37522007042253525 0.5325704225352113 0.37522007042253525 0.6836854460093897 0.272887323943662 0.6836854460093897
14 0.35046214788732394 0.6440727699530517 0.48525528169014087 0.6440727699530517 0.48525528169014087 0.883949530516432 0.35046214788732394 0.883949530516432
12 0.34000880281690143 0.09683098591549297 0.429137323943662 0.09683098591549297 0.429137323943662 0.2875586854460094 0.34000880281690143 0.2875586854460094
14 0.2200704225352113 0.05721830985915493 0.3345070422535211 0.05721830985915493 0.3345070422535211 0.2567488262910798 0.2200704225352113 0.2567488262910798
8 0.15184859154929578 0.001467136150234742 0.3537632042253521 0.001467136150234742 0.3537632042253521 0.20539906103286387 0.15184859154929578 0.20539906103286387
