10 0.3209777227722772 0.23927392739273928 0.47645420792079207 0.23927392739273928 0.47645420792079207 0.32900165016501653 0.3209777227722772 0.32900165016501653
12 0.6721534653465346 0.12582508250825084 0.7556930693069306 0.12582508250825084 0.7556930693069306 0.30115511551155116 0.6721534653465346 0.30115511551155116
20 0.32444267515923564 0.5900566171266808 0.3990843949044586 0.5900566171266808 0.3990843949044586 0.6422505307855626 0.32444267515923564 0.6422505307855626
4 0.555666135881104 0.5608634111818825 0.5948115711252654 0.5608634111818825 0.5948115711252654 0.6232307147912244 0.555666135881104 0.6232307147912244
15 0.37320859872611467 0.8306794055201698 0.44619161358811044 0.8306794055201698 0.44619161358811044 0.8877388535031847 0.37320859872611467 0.8877388535031847
27 0.39045912951167727 0.8872965322009908 0.4505042462845011 0.8872965322009908 0.4505042462845011 0.9266631280962492 0.39045912951167727 0.9266631280962492
5 0.5138667728237791 0.855449398443029 0.538083864118896 0.855449398443029 0.538083864118896 0.8846426043878274 0.5138667728237791 0.8846426043878274
6 0.4760483014861996 0.8576610049539986 0.4999336518046709 0.8576610049539986 0.4999336518046709 0.896585279547063 0.4760483014861996 0.896585279547063
2 0.5559978768577495 0.8802193913658881 0.5802149681528663 0.8802193913658881 0.5802149681528663 0.9169320594479831 0.5559978768577495 0.9169320594479831
0 0.6014463906581742 0.870488322717622 0.6256634819532909 0.870488322717622 0.6256634819532909 0.9049893842887473 0.6014463906581742 0.9049893842887473
15 0.6843816348195328 0.8107749469214437 0.7331475583864119 0.8107749469214437 0.7331475583864119 0.8589879688605804 0.6843816348195328 0.8589879688605804
15 0.7344745222929936 0.8059094125973107 0.7706342887473461 0.8059094125973107 0.7706342887473461 0.8519108280254777 0.7344745222929936 0.8519108280254777
