16 0.3109375 0.5891299654576857 0.4178027849740933 0.5891299654576857 0.4178027849740933 0.707869170984456 0.3109375 0.707869170984456
15 0.3854193652849741 0.5362370466321243 0.4493766191709844 0.5362370466321243 0.4493766191709844 0.615036701208981 0.3854193652849741 0.615036701208981
12 0.45018620466321246 0.5319192573402418 0.5181913860103627 0.5319192573402418 0.5181913860103627 0.6992335924006909 0.45018620466321246 0.6992335924006909
15 0.5173818005181348 0.5556670984455959 0.5602898316062176 0.5556670984455959 0.5602898316062176 0.6323078583765113 0.5173818005181348 0.6323078583765113
0 0.5513843911917099 0.6441817789291883 0.5789102979274612 0.6441817789291883 0.5789102979274612 0.6830418825561313 0.5513843911917099 0.6830418825561313
6 0.6776797279792747 0.6020833333333333 0.7133014896373057 0.6020833333333333 0.7133014896373057 0.645261226252159 0.6776797279792747 0.645261226252159
1 0.7141110751295338 0.6139572538860104 0.7424465673575129 0.6139572538860104 0.7424465673575129 0.6474201208981002 0.7141110751295338 0.6474201208981002
4 0.7205877590673575 0.5589054404145077 0.7675437176165804 0.5589054404145077 0.7675437176165804 0.6193544905008637 0.7205877590673575 0.6193544905008637
5 0.4841887953367876 0.8956930051813471 0.508476360103627 0.8956930051813471 0.508476360103627 0.9302353195164076 0.4841887953367876 0.9302353195164076
20 0.5003805051813471 0.8406411917098445 0.5602898316062176 0.8406411917098445 0.5602898316062176 0.9151230569948187 0.5003805051813471 0.9151230569948187
27 0.6558209196891192 0.8730246113989638 0.7197781735751295 0.8730246113989638 0.7197781735751295 0.9475064766839378 0.6558209196891192 0.9475064766839378
