37 0.0007425742574257432 0.003094059405940594 0.11290222772277228 0.003094059405940594 0.11290222772277228 0.2433993399339934 0.0007425742574257432 0.2433993399339934
17 0.18097153465346535 0.05156765676567657 0.2900371287128713 0.05156765676567657 0.2900371287128713 0.27640264026402644 0.18097153465346535 0.27640264026402644
14 0.2683787128712871 0.20111386138613863 0.3712561881188119 0.20111386138613863 0.3712561881188119 0.4135726072607261 0.2683787128712871 0.4135726072607261
16 0.39136757425742574 0.08972772277227722 0.4849628712871287 0.08972772277227722 0.4849628712871287 0.29290429042904287 0.39136757425742574 0.29290429042904287
14 0.5839727722772278 0.11035478547854785 0.6829826732673268 0.11035478547854785 0.6829826732673268 0.29909240924092406 0.5839727722772278 0.29909240924092406
19 0.5189975247524752 0.2856848184818482 0.6195544554455445 0.2856848184818482 0.6195544554455445 0.41872937293729373 0.5189975247524752 0.41872937293729373
18 0.450154702970297 0.33209570957095713 0.5035272277227723 0.33209570957095713 0.5035272277227723 0.47029702970297027 0.450154702970297 0.47029702970297027
15 0.15235148514851488 0.41872937293729373 0.324845297029703 0.41872937293729373 0.324845297029703 0.525990099009901 0.15235148514851488 0.525990099009901
12 0.3171101485148515 0.4238861386138614 0.4184405940594059 0.4238861386138614 0.4184405940594059 0.508457095709571 0.3171101485148515 0.508457095709571
20 0.5213180693069307 0.5146452145214522 0.6040841584158416 0.5146452145214522 0.6040841584158416 0.6528465346534653 0.5213180693069307 0.6528465346534653
8 0.23202351485148515 0.4568894389438944 0.522865099009901 0.4568894389438944 0.522865099009901 0.820957095709571 0.23202351485148515 0.820957095709571
21 0.663644801980198 0.45998349834983493 0.7587871287128714 0.45998349834983493 0.7587871287128714 0.6054042904290429 0.663644801980198 0.6054042904290429
13 0.5917079207920792 0.5806518151815182 0.6914913366336634 0.5806518151815182 0.6914913366336634 0.7405115511551156 0.5917079207920792 0.7405115511551156
22 0.7990099009900989 0.6971947194719471 0.9428836633663366 0.6971947194719471 0.9428836633663366 0.8941831683168318 0.7990099009900989 0.8941831683168318
23 0.7626547029702969 0.34756600660066006 0.928960396039604 0.34756600660066006 0.928960396039604 0.5187706270627063 0.7626547029702969 0.5187706270627063
