8 0.1572085889570552 0.007336400817995909 0.3594708588957055 0.007336400817995909 0.3594708588957055 0.17604805725971368 0.1572085889570552 0.17604805725971368
14 0.21759969325153375 0.05462678936605316 0.33550613496932513 0.05462678936605316 0.33550613496932513 0.2514570552147239 0.21759969325153375 0.2514570552147239
12 0.34221625766871167 0.09169222903885481 0.42753067484662577 0.09169222903885481 0.42753067484662577 0.3000255623721881 0.34221625766871167 0.3000255623721881
14 0.4304064417177914 0.37671267893660526 0.5329754601226994 0.37671267893660526 0.5329754601226994 0.5556492842535786 0.4304064417177914 0.5556492842535786
20 0.4936733128834356 0.5326431492842535 0.5991180981595091 0.5326431492842535 0.5991180981595091 0.6361707566462168 0.4936733128834356 0.6361707566462168
13 0.15912576687116564 0.4546779141104294 0.2760736196319018 0.4546779141104294 0.2760736196319018 0.6400051124744376 0.15912576687116564 0.6400051124744376
24 0.15816717791411042 0.790823108384458 0.2674463190184049 0.790823108384458 0.2674463190184049 0.9684815950920245 0.15816717791411042 0.9684815950920245
21 0.5300996932515337 0.6400051124744376 0.6259585889570551 0.6400051124744376 0.6259585889570551 0.7997699386503068 0.5300996932515337 0.7997699386503068
15 0.2847009202453988 0.709023517382413 0.4629984662576687 0.709023517382413 0.4629984662576687 0.9646472392638036 0.2847009202453988 0.9646472392638036
19 0.7429064417177914 0.657898773006135 0.8771088957055214 0.657898773006135 0.8771088957055214 0.8406697341513293 0.7429064417177914 0.8406697341513293
