14 0.3031868811881188 0.6920379537953796 0.4331373762376238 0.6920379537953796 0.4331373762376238 0.8838696369636964 0.3031868811881188 0.8838696369636964
15 0.37048267326732676 0.5486798679867987 0.5561262376237623 0.5486798679867987 0.5561262376237623 0.7209158415841584 0.37048267326732676 0.7209158415841584
21 0.5793316831683168 0.5404290429042905 0.6806621287128712 0.5404290429042905 0.6806621287128712 0.6941006600660066 0.5793316831683168 0.6941006600660066
20 0.663644801980198 0.4960808580858086 0.7587871287128714 0.4960808580858086 0.7587871287128714 0.6445957095709571 0.663644801980198 0.6445957095709571
19 0.7564665841584158 0.6879125412541254 0.9011138613861386 0.6879125412541254 0.9011138613861386 0.8683993399339934 0.7564665841584158 0.8683993399339934
24 0.5050742574257426 0.35169141914191415 0.5630878712871288 0.35169141914191415 0.5630878712871288 0.5198019801980198 0.5050742574257426 0.5198019801980198
13 0.14538985148514852 0.5146452145214522 0.2621905940594059 0.5146452145214522 0.2621905940594059 0.6827557755775577 0.14538985148514852 0.6827557755775577
12 0.33799504950495046 0.09488448844884488 0.4284962871287129 0.09488448844884488 0.4284962871287129 0.28465346534653463 0.33799504950495046 0.28465346534653463
14 0.22738242574257422 0.057755775577557754 0.3349009900990099 0.057755775577557754 0.3349009900990099 0.246493399339934 0.22738242574257422 0.246493399339934
8 0.16086014851485148 0.0020627062706270625 0.36120049504950497 0.0020627062706270625 0.36120049504950497 0.1918316831683168 0.16086014851485148 0.1918316831683168
