27 0.27575 0.2776666666666667 0.32425000000000004 0.2776666666666667 0.32425000000000004 0.321 0.27575 0.321
12 0.78825 0.11833333333333333 0.88575 0.11833333333333333 0.88575 0.31666666666666665 0.78825 0.31666666666666665
20 0.38525 0.5726666666666667 0.45375 0.5726666666666667 0.45375 0.6366666666666667 0.38525 0.6366666666666667
0 0.475 0.653 0.5042500000000001 0.653 0.5042500000000001 0.6839999999999999 0.475 0.6839999999999999
5 0.501 0.634 0.53175 0.634 0.53175 0.6563333333333333 0.501 0.6563333333333333
16 0.5665 0.5896666666666667 0.64925 0.5896666666666667 0.64925 0.7140000000000001 0.5665 0.7140000000000001
15 0.352643280632411 0.806159420289855 0.419342885375494 0.806159420289855 0.419342885375494 0.8790349143610012 0.352643280632411 0.8790349143610012
15 0.4292243083003952 0.8522727272727272 0.5113636363636364 0.8522727272727272 0.5113636363636364 0.9305006587615282 0.4292243083003952 0.9305006587615282
6 0.5286561264822134 0.9136198945981554 0.5579916007905138 0.9136198945981554 0.5579916007905138 0.9605566534914359 0.5286561264822134 0.9605566534914359
2 0.577445652173913 0.9292654808959157 0.6077075098814229 0.9292654808959157 0.6077075098814229 0.9671442687747035 0.577445652173913 0.9671442687747035
