30 0.5986695544554455 0.8725247524752475 0.6226485148514851 0.8725247524752475 0.6226485148514851 0.8931518151815182 0.5986695544554455 0.8931518151815182
15 0.6760210396039603 0.8116749174917491 0.7317141089108912 0.8116749174917491 0.7317141089108912 0.8529290429042905 0.6760210396039603 0.8529290429042905
15 0.7309405940594059 0.807549504950495 0.7750309405940594 0.807549504950495 0.7750309405940594 0.856023102310231 0.7309405940594059 0.856023102310231
5 0.5042462845010616 0.6422505307855626 0.5337712314225053 0.6422505307855626 0.5337712314225053 0.6723283793347488 0.5042462845010616 0.6723283793347488
4 0.5168524416135881 0.5781139419674451 0.5563296178343948 0.5781139419674451 0.5563296178343948 0.6307501769285209 0.5168524416135881 0.6307501769285209
15 0.299562101910828 0.5453821656050956 0.37320859872611467 0.5453821656050956 0.37320859872611467 0.6126150035385705 0.299562101910828 0.6126150035385705
12 0.4223062632696391 0.47814932767162066 0.481687898089172 0.47814932767162066 0.481687898089172 0.6276539278131635 0.4223062632696391 0.6276539278131635
27 0.5715897027600849 0.6002300070771408 0.6395966029723992 0.6002300070771408 0.6395966029723992 0.6599433828733192 0.5715897027600849 0.6599433828733192
6 0.6780785562632696 0.6028839348903043 0.7125796178343948 0.6028839348903043 0.7125796178343948 0.6431351733899504 0.6780785562632696 0.6431351733899504
1 0.7195461783439491 0.6090764331210191 0.7447584925690022 0.6090764331210191 0.7447584925690022 0.64534677990092 0.7195461783439491 0.64534677990092
20 0.41003184713375795 0.2782200990799717 0.4989384288747346 0.2782200990799717 0.4989384288747346 0.333067940552017 0.41003184713375795 0.333067940552017
10 0.57921974522293 0.245930644019816 0.7255175159235668 0.245930644019816 0.7255175159235668 0.3100672328379335 0.57921974522293 0.3100672328379335
