17 0.1660216968911917 0.2026878238341969 0.2931266191709845 0.2026878238341969 0.2931266191709845 0.4380073402417962 0.1660216968911917 0.4380073402417962
14 0.35222636010362696 0.28688471502590673 0.4323753238341969 0.28688471502590673 0.4323753238341969 0.48334412780656305 0.35222636010362696 0.48334412780656305
14 0.5125242875647669 0.10121977547495682 0.5756719559585493 0.10121977547495682 0.5756719559585493 0.25881908462867015 0.5125242875647669 0.25881908462867015
23 0.7100631476683938 0.184337219343696 0.8306913860103627 0.184337219343696 0.8306913860103627 0.2987586355785838 0.7100631476683938 0.2987586355785838
22 0.8687419041450777 0.29552029360967186 0.9626538212435234 0.29552029360967186 0.9626538212435234 0.4909002590673575 0.8687419041450777 0.4909002590673575
36 0.34170174870466324 0.8330850604490502 0.42670822538860104 0.8330850604490502 0.42670822538860104 0.9971610535405873 0.34170174870466324 0.9971610535405873
37 5.667098445595875e-05 0.24262737478411053 0.09396858808290157 0.24262737478411053 0.09396858808290157 0.5189658894645941 5.667098445595875e-05 0.5189658894645941
15 0.3344154792746114 0.5157275474956823 0.4809504533678757 0.5157275474956823 0.4809504533678757 0.6247517271157168 0.3344154792746114 0.6247517271157168
12 0.5036188471502591 0.3905116580310881 0.5902444948186528 0.3905116580310881 0.5902444948186528 0.57941493955095 0.5036188471502591 0.57941493955095
19 0.5311447538860103 0.2512629533678757 0.6185799870466322 0.2512629533678757 0.6185799870466322 0.3656843696027634 0.5311447538860103 0.3656843696027634
18 0.5416693652849741 0.2912025043177893 0.6007691062176166 0.2912025043177893 0.6007691062176166 0.44772236614853195 0.5416693652849741 0.44772236614853195
13 0.739208225388601 0.37324050086355787 0.8258338730569947 0.37324050086355787 0.8258338730569947 0.5189658894645941 0.739208225388601 0.5189658894645941
8 0.5926732512953368 0.30199697754749566 0.7885929404145078 0.30199697754749566 0.7885929404145078 0.7219019861830742 0.5926732512953368 0.7219019861830742
16 0.3659893134715026 0.14547711571675304 0.4477574481865285 0.14547711571675304 0.4477574481865285 0.32682426597582037 0.3659893134715026 0.32682426597582037
