-1.173701435327529907e-01
3.843501210212707520e-02
-1.120273023843765259e-02
-1.033583730459213257e-01
-1.249089911580085754e-01
-2.449434623122215271e-02
-3.407791629433631897e-02
-1.239315420389175415e-01
1.214269995689392090e-01
-1.092222034931182861e-01
8.965358883142471313e-02
-1.026124283671379089e-01
-2.567859590053558350e-01
-3.646533191204071045e-02
-6.690504401922225952e-02
2.029794901609420776e-01
-1.076213195919990540e-01
-2.071413397789001465e-01
-6.337524950504302979e-02
-5.341291800141334534e-02
4.743576981127262115e-03
7.813166826963424683e-02
-6.859366595745086670e-02
1.268756240606307983e-01
-1.621877849102020264e-01
-3.018793463706970215e-01
-9.772113524377346039e-03
-1.009443104267120361e-01
-6.959050148725509644e-02
-7.894245535135269165e-02
2.209080010652542114e-02
1.036187261343002319e-01
-1.801698207855224609e-01
3.107076883316040039e-02
4.994225502014160156e-02
1.307029426097869873e-01
-2.260970324277877808e-02
-8.732142299413681030e-02
2.250136286020278931e-01
8.016382157802581787e-02
-2.555817365646362305e-01
-2.509018033742904663e-02
5.204218253493309021e-02
2.887904345989227295e-01
1.476362347602844238e-01
-3.769439458847045898e-02
3.124309517443180084e-02
-2.899710088968276978e-02
1.626962572336196899e-01
-2.775792777538299561e-01
-5.140643566846847534e-03
1.569240838289260864e-01
1.185660436749458313e-01
3.187821805477142334e-02
1.175104640424251556e-02
-1.113538518548011780e-01
6.375721842050552368e-02
1.732060164213180542e-01
-2.937560975551605225e-01
2.050843834877014160e-02
8.328088372945785522e-02
-1.000478118658065796e-01
-1.480218768119812012e-02
-3.071356378495693207e-02
2.113262265920639038e-01
7.482352107763290405e-02
-1.324414759874343872e-01
-3.954510763287544250e-02
1.978434920310974121e-01
-2.029938846826553345e-01
-5.040080845355987549e-02
1.096709165722131729e-02
-8.015972375869750977e-02
-2.081408798694610596e-01
-2.800005078315734863e-01
1.982842013239860535e-02
3.227089941501617432e-01
2.086590528488159180e-01
-1.750364303588867188e-01
2.706835977733135223e-02
-1.444435585290193558e-02
3.268320113420486450e-02
7.426381111145019531e-02
7.309114933013916016e-02
-4.709651693701744080e-02
-1.459140982478857040e-02
-5.013182386755943298e-02
6.541484035551548004e-03
2.342455536127090454e-01
3.016751632094383240e-02
2.227763831615447998e-02
2.279842048883438110e-01
5.439567193388938904e-02
-7.338669896125793457e-02
1.369524374604225159e-02
3.018423542380332947e-02
-8.563069254159927368e-02
-6.479377299547195435e-02
-5.825598165392875671e-02
2.220933884382247925e-02
-3.354878723621368408e-02
-5.653520673513412476e-02
5.049424991011619568e-02
1.346672475337982178e-01
-2.249825596809387207e-01
1.984117329120635986e-01
-3.946838155388832092e-02
-7.400268316268920898e-02
-6.247358024120330811e-02
3.179628029465675354e-02
-3.948165103793144226e-02
-5.151088535785675049e-02
1.164609491825103760e-01
-1.971453130245208740e-01
1.141033619642257690e-01
1.562207490205764771e-01
1.240482740104198456e-02
1.533016562461853027e-01
1.910530030727386475e-02
3.474392741918563843e-02
-2.493625320494174957e-02
-6.107440590858459473e-02
-1.541493982076644897e-01
-1.504906564950942993e-01
1.133735030889511108e-01
-3.061645105481147766e-02
9.284559637308120728e-02
3.209105506539344788e-02
-1.318540722131729126e-01
8.875209093093872070e-02
1.058156508952379227e-02
-4.619119688868522644e-02
-1.147561445832252502e-01
-4.656151682138442993e-02
-5.571963265538215637e-02
-1.776127666234970093e-01
1.300432235002517700e-01
-1.382311880588531494e-01
1.513782888650894165e-01
-3.325309976935386658e-02
-2.062658816576004028e-01
-6.605438143014907837e-02
-1.027924418449401855e-01
1.657128483057022095e-01
-4.682061821222305298e-02
-1.355262100696563721e-01
-5.994620919227600098e-02
-6.167055666446685791e-02
7.974413037300109863e-02
1.553097832947969437e-02
-1.665637642145156860e-02
4.276888072490692139e-02
-1.245228052139282227e-01
-3.093266487121582031e-01
-9.758861362934112549e-02
-1.218052133917808533e-01
1.201700232923030853e-02
-6.327500939369201660e-02
8.418798446655273438e-03
5.320711527019739151e-03
-9.838477522134780884e-02
1.030459068715572357e-02
-2.503762766718864441e-02
9.294345974922180176e-02
-3.141300752758979797e-02
-4.563942924141883850e-02
1.934192031621932983e-01
3.049274161458015442e-02
-2.257936894893646240e-01
-2.031381428241729736e-02
-6.144698709249496460e-04
2.995647192001342773e-01
1.442531943321228027e-01
1.364897936582565308e-02
1.175922527909278870e-01
-1.059306412935256958e-01
9.575361013412475586e-02
-1.821841448545455933e-01
7.686920464038848877e-02
9.976591169834136963e-02
7.281109690666198730e-02
5.924342200160026550e-02
2.006968483328819275e-02
-1.202801465988159180e-01
6.169891729950904846e-02
1.549846529960632324e-01
-2.414093613624572754e-01
4.464409872889518738e-02
1.360338032245635986e-01
-3.120155632495880127e-02
-5.746573582291603088e-02
1.310626324266195297e-02
2.814680039882659912e-01
1.206667199730873108e-01
-1.377582252025604248e-01
-6.224757432937622070e-02
2.046014964580535889e-01
-2.100169658660888672e-01
-2.616959810256958008e-02
-2.836671657860279083e-03
-1.371120065450668335e-01
-1.919371932744979858e-01
-2.641474902629852295e-01
6.430040299892425537e-02
4.302337765693664551e-01
2.066402286291122437e-01
-1.406703740358352661e-01
-9.924498386681079865e-03
-8.222588151693344116e-02
3.734502196311950684e-02
1.508443951606750488e-01
7.755087316036224365e-02
-5.596131086349487305e-02
-1.249688118696212769e-02
-6.291786581277847290e-02
1.562912762165069580e-02
2.073262780904769897e-01
-2.137452736496925354e-02
-1.345166563987731934e-02
2.178661674261093140e-01
7.878259569406509399e-02
-3.369902074337005615e-02
-1.329529192298650742e-02
4.311693459749221802e-02
-9.730919450521469116e-02
-1.173826400190591812e-02
-4.492720589041709900e-02
-9.891769848763942719e-03
2.593062818050384521e-02
-5.338740348815917969e-02
6.095599383115768433e-02
1.187606528401374817e-01
-1.892995834350585938e-01
2.250441461801528931e-01
-8.074397221207618713e-03
-4.215175285935401917e-04
-9.329799562692642212e-03
1.320485956966876984e-02
-7.487741857767105103e-02
-6.789215654134750366e-02
1.586482524871826172e-01
-1.429543495178222656e-01
1.425657868385314941e-01
1.804265975952148438e-01
9.627763181924819946e-02
1.485633999109268188e-01
8.923415094614028931e-02
6.715959310531616211e-02
1.092855911701917648e-02
-5.820134654641151428e-02
-1.879185885190963745e-01
-2.756995707750320435e-02
7.037199288606643677e-02
-5.951637029647827148e-02
7.941429316997528076e-02
5.041421949863433838e-02
-1.422250419855117798e-01
9.016049653291702271e-02
1.413791254162788391e-02
-5.624698847532272339e-02
-1.417333334684371948e-01
-4.096701741218566895e-02
-5.571515113115310669e-02
-1.551610827445983887e-01
1.451658010482788086e-01
-1.416342556476593018e-01
1.623433828353881836e-01
-3.486941754817962646e-02
-2.094298303127288818e-01
-5.848586931824684143e-02
-1.027795672416687012e-01
1.690991222858428955e-01
-5.273403227329254150e-02
-1.289106160402297974e-01
-5.628907680511474609e-02
-6.578569114208221436e-02
8.628817647695541382e-02
-7.507954724133014679e-04
-2.360522001981735229e-02
5.401149764657020569e-02
-1.342233568429946899e-01
-3.123062252998352051e-01
-9.521697461605072021e-02
-1.131274700164794922e-01
9.946245700120925903e-03
-6.381238996982574463e-02
-2.111695706844329834e-03
-2.732253400608897209e-03
-1.162121146917343140e-01
-1.733824610710144043e-04
-3.293034434318542480e-02
9.730757027864456177e-02
-3.407839313149452209e-02
-4.558295384049415588e-02
1.729898005723953247e-01
9.227290749549865723e-03
-2.281396090984344482e-01
-1.220570504665374756e-02
8.122597821056842804e-03
2.726649045944213867e-01
1.452251970767974854e-01
1.863401010632514954e-02
1.100430935621261597e-01
-1.019917726516723633e-01
1.017318516969680786e-01
-1.984188258647918701e-01
6.089147180318832397e-02
1.031626239418983459e-01
4.708098620176315308e-02
5.895747989416122437e-02
2.035314776003360748e-02
-1.107553392648696899e-01
5.896550416946411133e-02
1.642647683620452881e-01
-2.285507321357727051e-01
4.720489680767059326e-02
1.230504885315895081e-01
-3.587238863110542297e-02
-5.919073149561882019e-02
5.929892417043447495e-03
2.709240615367889404e-01
1.253719627857208252e-01
-1.280625611543655396e-01
-7.702946662902832031e-02
2.036038935184478760e-01
-2.091396450996398926e-01
-2.281652763485908508e-02
1.832744106650352478e-02
-1.257531046867370605e-01
-1.990461498498916626e-01
-2.507682442665100098e-01
6.969590485095977783e-02
4.607562422752380371e-01
2.171312570571899414e-01
-1.240782812237739563e-01
2.728030085563659668e-04
-9.046795964241027832e-02
2.146854251623153687e-02
1.381297260522842407e-01
6.071374565362930298e-02
-4.814010858535766602e-02
-1.062947604805231094e-02
-8.000931888818740845e-02
4.321227967739105225e-02
2.234879881143569946e-01
-2.359712682664394379e-02
7.901942357420921326e-03
2.350994348526000977e-01
8.306694775819778442e-02
-8.877130225300788879e-03
-1.985151506960391998e-02
5.439831316471099854e-02
-1.070002242922782898e-01
-4.228473175317049026e-03
-4.887004941701889038e-02
-1.649999618530273438e-02
4.943075031042098999e-02
-5.154117941856384277e-02
6.063815206289291382e-02
1.030234992504119873e-01
-1.864322721958160400e-01
2.205637693405151367e-01
-1.318070571869611740e-02
7.397510111331939697e-03
-1.869018748402595520e-02
1.587372086942195892e-02
-6.965562701225280762e-02
-4.603484272956848145e-02
1.582554578781127930e-01
-1.397577822208404541e-01
1.546014398336410522e-01
1.744627952575683594e-01
1.009327471256256104e-01
1.446681618690490723e-01
9.653225541114807129e-02
4.664324223995208740e-02
1.924116164445877075e-02
-8.324389904737472534e-02
-1.809546798467636108e-01
-3.004017099738121033e-02
6.459885835647583008e-02
-7.595351338386535645e-02
8.973440527915954590e-02
5.057797580957412720e-02
-1.184960901737213135e-01
9.660467505455017090e-02
-3.729946445673704147e-03
-4.594429582357406616e-02
-1.171848028898239136e-01
-3.786874562501907349e-02
-5.588009953498840332e-02
-1.759012639522552490e-01
1.384922415018081665e-01
-1.158707514405250549e-01
1.389621347188949585e-01
-2.586165815591812134e-02
-2.170514911413192749e-01
-7.329104095697402954e-02
-8.851242810487747192e-02
1.683145016431808472e-01
-6.796275079250335693e-02
-1.246309354901313782e-01
-6.015681475400924683e-02
-5.830317735671997070e-02
6.823185086250305176e-02
2.105928026139736176e-02
-1.698415493592619896e-03
4.916923865675926208e-02
-1.170833259820938110e-01
-3.205955326557159424e-01
-9.154444187879562378e-02
-1.373988389968872070e-01
1.055660843849182129e-02
-7.352801412343978882e-02
1.019479148089885712e-02
-3.279161173850297928e-03
-9.569401293992996216e-02
8.027199655771255493e-03
-2.820822224020957947e-02
9.106066823005676270e-02
-3.329308703541755676e-02
-5.221013352274894714e-02
1.864846795797348022e-01
3.349550813436508179e-02
-2.286568731069564819e-01
-3.753976896405220032e-02
-1.189392618834972382e-02
3.025744259357452393e-01
1.543631553649902344e-01
6.655691191554069519e-03
1.079132482409477234e-01
-8.322545886039733887e-02
1.090600788593292236e-01
-1.776337623596191406e-01
7.682779431343078613e-02
8.946147561073303223e-02
6.993817538022994995e-02
4.723871499300003052e-02
1.456776447594165802e-02
-1.287074238061904907e-01
5.623955279588699341e-02
1.693746149539947510e-01
-2.560321986675262451e-01
3.843280673027038574e-02
1.334893107414245605e-01
-2.950730919837951660e-02
-5.429370701313018799e-02
3.012058511376380920e-02
2.896618545055389404e-01
1.231494322419166565e-01
-1.442399919033050537e-01
-5.563243106007575989e-02
1.935434043407440186e-01
-2.033466845750808716e-01
-1.074316725134849548e-02
-1.681140623986721039e-02
-1.457537859678268433e-01
-1.965271532535552979e-01
-2.699770629405975342e-01
6.199789792299270630e-02
4.257638752460479736e-01
1.884883791208267212e-01
-1.429450064897537231e-01
-2.446446008980274200e-02
-8.720849454402923584e-02
4.795813187956809998e-02
1.498638987541198730e-01
7.266974449157714844e-02
-6.345030665397644043e-02
-1.508522778749465942e-03
-7.809481024742126465e-02
1.040819473564624786e-02
1.932506859302520752e-01
-2.429772354662418365e-02
-1.861987076699733734e-02
2.315806001424789429e-01
6.275265663862228394e-02
-3.388423100113868713e-02
-6.647275760769844055e-03
4.363039508461952209e-02
-9.742414206266403198e-02
-1.048281043767929077e-02
-5.216358229517936707e-02
-1.460470072925090790e-02
3.811284154653549194e-02
-6.954570114612579346e-02
6.266611069440841675e-02
1.170038357377052307e-01
-1.889092922210693359e-01
2.137187421321868896e-01
9.228317067027091980e-03
1.480224728584289551e-02
-1.345949247479438782e-03
7.818389683961868286e-03
-9.592659771442413330e-02
-8.268774300813674927e-02
1.795195192098617554e-01
-1.425672471523284912e-01
1.467940658330917358e-01
1.802183836698532104e-01
9.545171260833740234e-02
1.517704874277114868e-01
8.363742381334304810e-02
6.238636374473571777e-02
7.108915597200393677e-04
-6.295056641101837158e-02
-1.838469058275222778e-01
-1.170049794018268585e-02
7.801772654056549072e-02
-5.155150219798088074e-02
7.911790162324905396e-02
5.090022459626197815e-02
