-1.573055237531661987e-01
1.491993665695190430e-01
4.137669876217842102e-02
-1.154686287045478821e-01
-1.058885082602500916e-01
-6.611324846744537354e-02
-8.795358240604400635e-02
-1.084944754838943481e-01
2.160014361143112183e-01
-1.801079213619232178e-01
1.896672546863555908e-01
1.272117346525192261e-02
-1.508564800024032593e-01
-5.783834308385848999e-02
-4.057167097926139832e-02
1.663250327110290527e-01
-2.072132080793380737e-01
-2.026624679565429688e-01
-4.452236741781234741e-02
-1.064789481461048126e-02
8.539754897356033325e-02
-2.086420729756355286e-02
3.864442929625511169e-02
2.172488160431385040e-02
-1.227014064788818359e-01
-4.000200331211090088e-01
-1.191219836473464966e-01
-9.457073360681533813e-02
-2.096088603138923645e-02
-3.619349375367164612e-02
4.918068647384643555e-02
-6.418387591838836670e-02
-1.877394467592239380e-01
-5.187742039561271667e-02
8.971716277301311493e-03
8.401552587747573853e-02
3.708933480083942413e-03
-9.837054461240768433e-02
1.755846291780471802e-01
-2.369070984423160553e-02
-3.431810736656188965e-01
-3.053246438503265381e-02
9.463059902191162109e-02
2.216052711009979248e-01
1.805871576070785522e-01
-3.309927508234977722e-02
4.733268171548843384e-02
-1.497664004564285278e-01
1.896339505910873413e-01
-1.415608525276184082e-01
1.048628799617290497e-02
1.142705157399177551e-01
2.861646004021167755e-02
7.318970561027526855e-02
4.107956588268280029e-02
-9.569953382015228271e-02
7.248768955469131470e-02
1.601297110319137573e-01
-1.258708238601684570e-01
-6.156463921070098877e-02
9.975923597812652588e-02
-7.784235477447509766e-02
-2.897402644157409668e-02
-5.025788024067878723e-02
2.113017141819000244e-01
7.280863821506500244e-02
-1.323824077844619751e-01
-2.366361767053604126e-01
1.210211068391799927e-01
-1.290147006511688232e-01
-5.984832346439361572e-02
1.180010139942169189e-01
-1.513400673866271973e-01
-1.769064962863922119e-01
-3.106290996074676514e-01
1.079194247722625732e-03
4.438190460205078125e-01
8.876292407512664795e-02
-7.574959844350814819e-02
5.041052773594856262e-02
-1.212164387106895447e-01
-3.340822178870439529e-03
5.791530758142471313e-02
2.032396346330642700e-01
1.617525145411491394e-02
6.106953695416450500e-02
-8.643326163291931152e-02
2.001453563570976257e-02
2.496243268251419067e-01
-4.554694145917892456e-02
-4.782967641949653625e-02
1.495616286993026733e-01
-1.175951026380062103e-02
1.061851605772972107e-01
-2.213273197412490845e-02
9.814684838056564331e-02
-1.561930030584335327e-01
6.384985148906707764e-02
-1.390653252601623535e-01
3.288304898887872696e-03
-2.316235564649105072e-03
3.880645707249641418e-02
-5.164860188961029053e-02
9.619466960430145264e-02
-1.586003154516220093e-01
1.188674792647361755e-01
2.817138843238353729e-02
2.014620788395404816e-02
-3.358745574951171875e-02
1.410412788391113281e-02
-2.665023505687713623e-02
-8.859808743000030518e-02
6.680450588464736938e-02
-1.998694837093353271e-01
1.848441660404205322e-01
2.056501805782318115e-01
7.917203009128570557e-02
1.632561087608337402e-01
1.473761647939682007e-01
8.567228913307189941e-03
2.446022816002368927e-03
-4.008150100708007812e-02
-2.159631252288818359e-01
-5.763022694736719131e-03
2.831969410181045532e-02
3.069248516112565994e-03
6.781531125307083130e-02
-2.542254142463207245e-02
