-1.361302435398101807e-01
1.623923629522323608e-01
5.151566118001937866e-02
-1.340142935514450073e-01
-9.496678411960601807e-02
-4.349107667803764343e-02
-5.948976427316665649e-02
-6.291154772043228149e-02
1.903763413429260254e-01
-2.074083536863327026e-01
2.313519418239593506e-01
6.286947056651115417e-03
-2.125038653612136841e-01
-1.754674874246120453e-02
-4.686439409852027893e-02
2.379986643791198730e-01
-1.965479999780654907e-01
-1.936740875244140625e-01
-3.637480363249778748e-02
1.913193613290786743e-03
1.005014181137084961e-01
2.490246668457984924e-02
-1.265410240739583969e-02
-8.505810983479022980e-03
-9.077093750238418579e-02
-3.699694275856018066e-01
-1.157846897840499878e-01
-4.303371533751487732e-02
-1.303261816501617432e-01
-5.210108682513237000e-02
9.220650047063827515e-02
1.844717375934123993e-02
-1.722027808427810669e-01
-1.997856236994266510e-02
2.341536991298198700e-02
7.851193100214004517e-02
1.717232353985309601e-02
-7.981172204017639160e-02
1.667705923318862915e-01
2.189518883824348450e-02
-3.432937264442443848e-01
-4.411436989903450012e-02
1.770358383655548096e-01
2.560541927814483643e-01
1.459568738937377930e-01
-4.751759022474288940e-02
1.142516639083623886e-02
-1.105812489986419678e-01
1.123023852705955505e-01
-1.857646405696868896e-01
7.466931827366352081e-03
9.094545245170593262e-02
6.710167229175567627e-02
1.092097386717796326e-01
5.662522837519645691e-02
-1.149335727095603943e-01
9.968128055334091187e-02
1.625984013080596924e-01
-1.344709098339080811e-01
-4.627180844545364380e-02
1.129214838147163391e-01
-1.065431386232376099e-01
-2.708911895751953125e-03
-5.457374826073646545e-02
2.568683028221130371e-01
8.359900861978530884e-02
-1.468951553106307983e-01
-2.001250684261322021e-01
1.299014985561370850e-01
-1.034731864929199219e-01
-1.095262542366981506e-01
1.096688732504844666e-01
-1.675129383802413940e-01
-1.892281323671340942e-01
-3.233480453491210938e-01
-7.436456158757209778e-03
3.660183548927307129e-01
1.047425717115402222e-01
-1.052837595343589783e-01
4.408558085560798645e-02
-4.776418209075927734e-02
2.275774255394935608e-03
8.060470968484878540e-02
2.261200845241546631e-01
4.592961817979812622e-02
4.839184880256652832e-02
-6.338112056255340576e-02
2.912344411015510559e-03
2.721933722496032715e-01
-1.999873109161853790e-02
-7.685715705156326294e-02
1.924664080142974854e-01
-2.992699295282363892e-02
4.238409921526908875e-02
-9.717208333313465118e-03
7.764883339405059814e-02
-7.413875311613082886e-02
2.912772120907902718e-03
-1.761852800846099854e-01
-8.566063828766345978e-03
-7.100681215524673462e-02
-4.407755285501480103e-02
-1.203463077545166016e-01
1.268850862979888916e-01
-1.783527880907058716e-01
7.642022520303726196e-02
6.648812443017959595e-03
1.847036555409431458e-02
-7.270170003175735474e-02
4.789322614669799805e-02
-2.088296785950660706e-02
-5.775788053870201111e-02
6.948020309209823608e-02
-1.904203891754150391e-01
1.921117603778839111e-01
2.058383673429489136e-01
2.042961493134498596e-02
1.293592453002929688e-01
1.369650959968566895e-01
5.860598757863044739e-02
-1.108508557081222534e-02
-9.025737643241882324e-02
-2.181977778673171997e-01
-3.836307674646377563e-02
4.955470934510231018e-02
-8.748141117393970490e-04
9.466770291328430176e-02
-1.408069767057895660e-02
