-1.260342448949813843e-01
6.621379405260086060e-02
2.847635932266712189e-02
-7.109115272760391235e-02
-1.192949339747428894e-01
-4.114802181720733643e-02
-9.953844547271728516e-02
-1.002092286944389343e-01
1.848819404840469360e-01
-1.292136013507843018e-01
1.172218620777130127e-01
-4.895171523094177246e-02
-2.089257091283798218e-01
-4.458475857973098755e-02
-5.694434046745300293e-02
1.435883343219757080e-01
-1.464864462614059448e-01
-1.579479873180389404e-01
-1.542188506573438644e-02
-1.158172730356454849e-02
4.741168767213821411e-02
3.851946443319320679e-02
6.552979350090026855e-02
3.512615710496902466e-02
-1.392295658588409424e-01
-4.011716246604919434e-01
-1.050957441329956055e-01
-5.279802158474922180e-02
6.367735564708709717e-03
7.010201457887887955e-03
-8.147198706865310669e-02
3.464080393314361572e-02
-1.894720494747161865e-01
-4.729234427213668823e-02
6.516195833683013916e-02
1.262062191963195801e-01
2.084531635046005249e-02
1.269452366977930069e-02
2.083357423543930054e-01
-1.388293690979480743e-03
-2.737098634243011475e-01
-3.205402195453643799e-02
1.206858530640602112e-01
1.974722445011138916e-01
1.992273479700088501e-01
1.071262061595916748e-01
2.236126363277435303e-02
-1.160077303647994995e-01
1.151774674654006958e-01
-1.253436505794525146e-01
6.029037386178970337e-02
1.464478075504302979e-01
9.490174800157546997e-02
3.353575617074966431e-02
3.977821767330169678e-02
-1.545184403657913208e-01
1.801354065537452698e-02
1.216825544834136963e-01
-1.204682812094688416e-01
9.600108489394187927e-03
8.367867022752761841e-02
-6.548769772052764893e-02
-8.048031479120254517e-03
-1.527113188058137894e-02
2.743033170700073242e-01
5.232230201363563538e-02
-1.083861589431762695e-01
-1.969892680644989014e-01
1.802252829074859619e-01
-1.886295676231384277e-01
-7.366569340229034424e-02
6.917770951986312866e-02
-1.232710331678390503e-01
-1.345257312059402466e-01
-3.383733332157135010e-01
-2.399664744734764099e-02
4.164533019065856934e-01
1.192264705896377563e-01
-1.377455592155456543e-01
6.079645082354545593e-02
-4.023968428373336792e-02
-1.667345128953456879e-02
9.606865048408508301e-02
1.187782883644104004e-01
-1.100112944841384888e-01
5.167384445667266846e-02
-9.059935808181762695e-02
-2.854931354522705078e-02
2.629837989807128906e-01
1.197715103626251221e-02
-5.786533281207084656e-02
1.211257651448249817e-01
2.381991595029830933e-02
1.373648196458816528e-01
3.899106010794639587e-02
4.275283589959144592e-02
-1.165893077850341797e-01
-9.078406728804111481e-04
-1.725941002368927002e-01
-1.903976127505302429e-02
2.007071673870086670e-02
-3.207992389798164368e-02
1.808691024780273438e-02
1.649484932422637939e-01
-1.806810647249221802e-01
1.193281859159469604e-01
-2.451314032077789307e-02
-3.369620442390441895e-02
-3.506699204444885254e-02
1.114118993282318115e-01
-1.046176999807357788e-01
-8.427119255065917969e-02
1.117515638470649719e-01
-2.192748039960861206e-01
1.884198784828186035e-01
1.716542392969131470e-01
6.891373544931411743e-02
1.486740708351135254e-01
1.412771493196487427e-01
8.058732748031616211e-02
6.097624078392982483e-03
4.020704329013824463e-02
-1.632048040628433228e-01
-8.852307498455047607e-02
6.477229297161102295e-02
-6.492152065038681030e-02
1.840507537126541138e-01
6.495182961225509644e-02
