-1.486546248197555542e-01
9.241034090518951416e-02
6.031346507370471954e-03
-4.461358487606048584e-02
-1.232304051518440247e-01
-4.813664406538009644e-02
-5.214690417051315308e-02
-1.757403314113616943e-01
1.277617514133453369e-01
-1.371801942586898804e-01
1.370472311973571777e-01
-4.258891195058822632e-02
-1.940495371818542480e-01
-4.155993834137916565e-02
-1.073716133832931519e-01
1.647896617650985718e-01
-6.177363172173500061e-02
-1.476393342018127441e-01
-5.094577744603157043e-02
-6.664906442165374756e-02
7.824801653623580933e-02
6.442182930186390877e-04
-3.765115514397621155e-02
5.871149525046348572e-02
-1.443331688642501831e-01
-2.928353846073150635e-01
-8.985955268144607544e-02
-1.210461184382438660e-01
1.583242043852806091e-02
-5.515215173363685608e-02
1.420793775469064713e-02
1.562514342367649078e-02
-1.188435181975364685e-01
3.026217781007289886e-02
-3.166700899600982666e-02
9.754569828510284424e-02
-1.307833474129438400e-02
-4.391480237245559692e-02
2.054854333400726318e-01
2.337067946791648865e-02
-2.386984378099441528e-01
-1.353634335100650787e-02
1.720420457422733307e-02
2.874646484851837158e-01
1.456544548273086548e-01
-1.746858819387853146e-03
9.682159870862960815e-02
-8.405958116054534912e-02
1.183105409145355225e-01
-1.774507910013198853e-01
6.054402515292167664e-02
1.051980853080749512e-01
6.150992959737777710e-02
5.910421907901763916e-02
1.089307852089405060e-02
-1.380076110363006592e-01
7.051002234220504761e-02
1.355368047952651978e-01
-2.438391596078872681e-01
3.890711069107055664e-02
1.260234266519546509e-01
-3.555625677108764648e-02
-4.724311828613281250e-02
2.022500894963741302e-02
2.639668583869934082e-01
1.216630712151527405e-01
-1.167902871966362000e-01
-7.796037942171096802e-02
2.101723253726959229e-01
-2.192641198635101318e-01
-8.946646004915237427e-03
1.821926608681678772e-02
-1.331865191459655762e-01
-1.899325996637344360e-01
-2.623941600322723389e-01
6.175231933593750000e-02
4.450055658817291260e-01
2.199263721704483032e-01
-1.272539049386978149e-01
1.109730359166860580e-02
-6.694801151752471924e-02
1.864626258611679077e-02
1.601397097110748291e-01
7.079503685235977173e-02
-6.074406951665878296e-02
4.163565114140510559e-03
-7.504861056804656982e-02
2.995108999311923981e-02
2.228347659111022949e-01
3.192266449332237244e-03
-1.868755370378494263e-02
2.176152467727661133e-01
7.948586344718933105e-02
-2.529541775584220886e-02
-1.035746093839406967e-02
3.709543868899345398e-02
-1.036733612418174744e-01
-2.239751629531383514e-02
-5.469983816146850586e-02
-1.453024055808782578e-02
1.780991069972515106e-02
-4.214797168970108032e-02
5.678939074277877808e-02
1.233493089675903320e-01
-1.820305436849594116e-01
2.150771766901016235e-01
-7.549788802862167358e-03
6.730458699166774750e-03
-5.095306411385536194e-02
3.807155042886734009e-02
-8.058401942253112793e-02
-4.778032004833221436e-02
1.506236195564270020e-01
-1.326918452978134155e-01
1.394408345222473145e-01
1.569743305444717407e-01
8.583389222621917725e-02
1.378100514411926270e-01
1.011427789926528931e-01
4.788472503423690796e-02
8.203016594052314758e-03
-5.747520923614501953e-02
-1.821147054433822632e-01
-3.035823814570903778e-02
7.425510883331298828e-02
-7.161105424165725708e-02
1.072175055742263794e-01
5.702022090554237366e-02
