-1.265381276607513428e-01
1.133376061916351318e-01
9.834184311330318451e-03
-2.351834997534751892e-02
-2.886359207332134247e-02
-1.670151948928833008e-02
1.711089164018630981e-03
-1.226013526320457458e-01
2.221722900867462158e-01
-9.555155038833618164e-02
2.459018677473068237e-01
-4.366080090403556824e-02
-2.237139493227005005e-01
-9.863995760679244995e-02
-2.458490803837776184e-02
1.267093569040298462e-01
-1.828348338603973389e-01
-1.725755035877227783e-01
-7.207107730209827423e-03
-3.669235482811927795e-02
1.072322111576795578e-02
2.020105021074414253e-04
4.699013382196426392e-02
8.746778219938278198e-02
-9.120104461908340454e-02
-3.705548644065856934e-01
-2.411568909883499146e-02
-8.600234985351562500e-02
4.384421929717063904e-02
-3.944690898060798645e-02
-1.883936114609241486e-02
6.961593776941299438e-02
-2.037228643894195557e-01
-4.619456082582473755e-02
5.639743432402610779e-02
1.216580718755722046e-01
-8.832915872335433960e-02
1.717648282647132874e-02
2.465728372335433960e-01
-6.371378153562545776e-02
-1.792324334383010864e-01
-1.047625616192817688e-01
6.220176815986633301e-02
2.942627668380737305e-01
1.867079436779022217e-01
3.090715035796165466e-02
-3.608324006199836731e-02
-9.856545180082321167e-02
1.298796981573104858e-01
-2.376333773136138916e-01
-5.717974156141281128e-03
1.839015036821365356e-01
9.508601576089859009e-02
4.937036707997322083e-02
3.290973603725433350e-02
-1.725894510746002197e-01
4.062112420797348022e-04
9.121965616941452026e-02
-1.899514645338058472e-01
5.318252369761466980e-03
1.116794068366289139e-03
-1.730516403913497925e-01
-3.862457722425460815e-02
-5.655326694250106812e-02
2.511718571186065674e-01
5.143863335251808167e-02
-1.276566237211227417e-01
-1.150707527995109558e-01
1.410994976758956909e-01
-1.504044681787490845e-01
1.392810791730880737e-02
1.022424176335334778e-01
-8.560751378536224365e-02
-2.183534801006317139e-01
-2.903034985065460205e-01
-9.654618799686431885e-03
4.283819794654846191e-01
8.142287284135818481e-02
-1.062403097748756409e-01
8.920677751302719116e-02
-4.167136549949645996e-02
-3.026335500180721283e-02
7.042664289474487305e-02
1.112993508577346802e-01
-8.119163662195205688e-02
-9.335146285593509674e-03
-1.267068982124328613e-01
2.490143477916717529e-02
1.394829601049423218e-01
-4.765705764293670654e-02
-4.627241939306259155e-02
8.663176000118255615e-02
-7.075116783380508423e-02
7.019479572772979736e-02
4.763048514723777771e-02
7.049106806516647339e-02
-1.153416559100151062e-01
3.849490359425544739e-02
-1.612523496150970459e-01
-5.692281294614076614e-03
-2.776501700282096863e-02
-6.622029840946197510e-02
3.214965760707855225e-02
5.676747113466262817e-02
-1.585856974124908447e-01
1.141882762312889099e-01
3.877717629075050354e-02
-2.593104541301727295e-02
1.387618109583854675e-02
-1.846878789365291595e-03
-6.351292133331298828e-02
-7.735838741064071655e-02
9.853752702474594116e-02
-3.178950846195220947e-01
2.303346544504165649e-01
1.231082975864410400e-01
-7.707032840698957443e-03
2.567162215709686279e-01
2.397278510034084320e-02
8.701350539922714233e-02
-4.044089093804359436e-02
-9.120747447013854980e-03
-1.211841106414794922e-01
-6.183341518044471741e-02
2.346134185791015625e-02
1.771589368581771851e-02
1.164942830801010132e-01
-2.438673749566078186e-02
