-1.577418446540832520e-01
7.136599719524383545e-02
6.989393383264541626e-02
4.274892807006835938e-02
-5.103418603539466858e-02
-1.008353829383850098e-01
1.289385370910167694e-02
-9.807691723108291626e-02
1.710475534200668335e-01
-3.133073449134826660e-02
2.476750761270523071e-01
2.050253003835678101e-02
-1.518939137458801270e-01
-1.172351539134979248e-01
6.287962943315505981e-02
1.273228228092193604e-01
-1.263200193643569946e-01
-9.891188889741897583e-02
-4.754435271024703979e-02
-7.435280829668045044e-02
2.367136254906654358e-02
-1.110667511820793152e-01
9.899064153432846069e-02
5.189636722207069397e-02
-1.142287403345108032e-01
-3.412577509880065918e-01
-1.192506104707717896e-01
-1.526386737823486328e-01
5.093565583229064941e-02
-7.470735907554626465e-02
2.216496318578720093e-02
-2.219919674098491669e-02
-1.940277814865112305e-01
-7.733263075351715088e-02
-3.337686508893966675e-02
7.784797996282577515e-02
-1.156773045659065247e-02
-7.910626381635665894e-02
2.453628331422805786e-01
-6.129197776317596436e-02
-1.555577516555786133e-01
-3.005467727780342102e-02
-2.342212758958339691e-02
1.830869317054748535e-01
1.604278981685638428e-01
5.209211260080337524e-02
6.303722411394119263e-02
-4.563164710998535156e-02
7.570823282003402710e-02
-1.847533732652664185e-01
4.396346211433410645e-02
8.677016943693161011e-02
1.038832440972328186e-01
-2.168834954500198364e-02
-8.493511937558650970e-03
-9.685049951076507568e-02
3.772156685590744019e-02
5.577607452869415283e-02
-2.078517377376556396e-01
-2.868739143013954163e-02
3.612419217824935913e-02
-6.947233527898788452e-02
-8.711831271648406982e-02
2.708265371620655060e-02
2.630772888660430908e-01
1.799870431423187256e-01
-7.578236609697341919e-02
-8.239734172821044922e-02
1.548798233270645142e-01
-1.502223014831542969e-01
-7.475712336599826813e-03
3.474324941635131836e-02
-1.316705495119094849e-01
-1.818460524082183838e-01
-3.023720383644104004e-01
6.409493088722229004e-02
4.684701561927795410e-01
5.692472308874130249e-02
-1.728420853614807129e-01
-3.283799625933170319e-03
-1.486194729804992676e-01
2.577897161245346069e-02
6.511420011520385742e-02
5.121969431638717651e-02
-1.085220575332641602e-01
-3.814522176980972290e-02
-1.407929956912994385e-01
1.780863292515277863e-02
1.938073337078094482e-01
-4.829403758049011230e-02
-6.052457541227340698e-02
1.054142341017723083e-01
2.614355832338333130e-02
7.212612032890319824e-02
4.932074341922998428e-03
-9.751176694408059120e-04
-1.186723913997411728e-02
8.652301505208015442e-03
-9.115107357501983643e-02
-2.180878072977066040e-04
8.207564055919647217e-02
-3.301783464848995209e-03
-3.738049417734146118e-04
7.649234682321548462e-02
-2.147996574640274048e-01
5.175282061100006104e-02
3.602290153503417969e-02
-8.578630536794662476e-02
2.518024668097496033e-02
4.461368545889854431e-02
-1.462175548076629639e-01
-9.909660369157791138e-02
1.190182417631149292e-01
-2.225125133991241455e-01
2.007909119129180908e-01
2.215150445699691772e-01
-3.528392314910888672e-02
1.566666215658187866e-01
6.235410273075103760e-02
9.493229538202285767e-02
-1.522852759808301926e-02
9.526786394417285919e-03
-1.350294202566146851e-01
-1.626995578408241272e-02
6.646826118230819702e-02
1.933112181723117828e-02
7.628415524959564209e-02
1.669489219784736633e-02
-1.871195882558822632e-01
6.224309280514717102e-02
6.342150270938873291e-02
3.433540090918540955e-02
-6.787826120853424072e-02
-1.466854810714721680e-01
4.378458857536315918e-02
-1.134460419416427612e-01
1.651005297899246216e-01
-3.027211315929889679e-02
2.688170969486236572e-01
6.141742225736379623e-03
-1.717488914728164673e-01
-1.148609146475791931e-01
4.063089564442634583e-02
1.333314329385757446e-01
-1.721123605966567993e-01
-6.831863522529602051e-02
-3.579066321253776550e-02
-7.151607424020767212e-02
4.621718078851699829e-02
-6.787534803152084351e-02
9.328975528478622437e-02
4.195236042141914368e-02
-6.837353855371475220e-02
-3.502267003059387207e-01
-1.133999824523925781e-01
-1.331295371055603027e-01
8.311438560485839844e-02
-3.894766792654991150e-02
3.203849494457244873e-02
1.691099070012569427e-02
-1.796352118253707886e-01
-1.102691441774368286e-01
1.114419661462306976e-02
7.837650179862976074e-02
-1.878552883863449097e-02
-4.968097433447837830e-02
2.479129433631896973e-01
-6.471828371286392212e-02
-1.502575129270553589e-01
-4.705557599663734436e-02
1.720992848277091980e-03
2.226841747760772705e-01
1.430642604827880859e-01
7.603241503238677979e-02
4.532765597105026245e-02
-6.128396838903427124e-02
6.161358579993247986e-02
-1.913059949874877930e-01
4.024895653128623962e-02
9.098496288061141968e-02
1.300177872180938721e-01
-2.525749802589416504e-02
1.789634302258491516e-02
-1.159888207912445068e-01
2.327400259673595428e-02
5.798973143100738525e-02
-2.094262391328811646e-01
-1.936400681734085083e-02
4.952179268002510071e-02
-6.053107976913452148e-02
-6.014987453818321228e-02
1.287784799933433533e-02
2.802343368530273438e-01
1.444415599107742310e-01
-9.125649183988571167e-02
-7.333455979824066162e-02
1.776206791400909424e-01
-1.487365216016769409e-01
-3.028106316924095154e-02
3.556432947516441345e-02
-1.306358128786087036e-01
-1.728757768869400024e-01
-2.949302494525909424e-01
3.156628087162971497e-02
4.642626047134399414e-01
4.415287449955940247e-02
-1.590113639831542969e-01
-1.782135665416717529e-02
-1.495639383792877197e-01
8.892016485333442688e-03
8.676552772521972656e-02
6.186471879482269287e-02
-9.416536986827850342e-02
-4.996029660105705261e-02
-1.228988915681838989e-01
8.261427283287048340e-04
1.768320649862289429e-01
-6.276857107877731323e-02
-7.336610555648803711e-02
1.339171975851058960e-01
3.573746979236602783e-02
6.877443194389343262e-02
-5.774237681180238724e-03
-2.415597811341285706e-02
9.124614298343658447e-04
1.668040081858634949e-02
-9.821932017803192139e-02
-8.506732061505317688e-03
8.230134099721908569e-02
-2.380885370075702667e-02
1.499476470053195953e-02
1.079961284995079041e-01
-2.220357954502105713e-01
3.753153234720230103e-02
3.894830122590065002e-02
-5.668532848358154297e-02
4.221262037754058838e-02
4.112285375595092773e-02
-1.401448249816894531e-01
-1.039959713816642761e-01
1.064762026071548462e-01
-2.409228682518005371e-01
2.383281737565994263e-01
2.372691631317138672e-01
-4.216744378209114075e-02
1.507992297410964966e-01
2.720077522099018097e-02
6.535359472036361694e-02
1.170901767909526825e-02
-4.812981002032756805e-03
-1.325927078723907471e-01
-2.530539594590663910e-02
6.665128469467163086e-02
1.544937957078218460e-03
5.660145729780197144e-02
1.278756931424140930e-02
