21 0.1437883435582822 0.6591768916155419 0.29045245398773006 0.6591768916155419 0.29045245398773006 0.8534509202453987 0.1437883435582822 0.8534509202453987
3 0.7064800613496932 0.6144427402862985 0.8263036809815951 0.6144427402862985 0.8263036809815951 0.7141359918200408 0.7064800613496932 0.7141359918200408
20 0.3997315950920245 0.5236963190184049 0.5253067484662577 0.5236963190184049 0.5253067484662577 0.6821830265848671 0.3997315950920245 0.6821830265848671
5 0.4409509202453988 0.6962423312883436 0.5387269938650306 0.6962423312883436 0.5387269938650306 0.8713445807770961 0.4409509202453988 0.8713445807770961
12 0.40356595092024533 0.303859918200409 0.46203987730061347 0.303859918200409 0.46203987730061347 0.4725715746421268 0.40356595092024533 0.4725715746421268
4 0.5329754601226994 0.2974693251533742 0.6106211656441717 0.2974693251533742 0.6106211656441717 0.4470092024539877 0.5329754601226994 0.4470092024539877
23 0.16008435582822084 0.004780163599182004 0.3556365030674846 0.004780163599182004 0.3556365030674846 0.18755112474437627 0.16008435582822084 0.18755112474437627
21 0.22335122699386503 0.05973926380368098 0.3374233128834355 0.05973926380368098 0.3374233128834355 0.250178936605317 0.22335122699386503 0.250178936605317
14 0.3307131901840491 0.09680470347648261 0.43232361963190186 0.09680470347648261 0.43232361963190186 0.27190695296523515 0.3307131901840491 0.27190695296523515
13 0.5646088957055214 0.6182770961145194 0.7160659509202454 0.6182770961145194 0.7160659509202454 0.8879601226993864 0.5646088957055214 0.8879601226993864
