33 0.5986695544554455 0.0020627062706270625 0.6984529702970297 0.0020627062706270625 0.6984529702970297 0.06806930693069306 0.5986695544554455 0.06806930693069306
29 0.6327042079207921 0.003094059405940594 0.7348081683168317 0.003094059405940594 0.7348081683168317 0.22483498349834982 0.6327042079207921 0.22483498349834982
21 0.6829826732673268 0.19286303630363036 0.8082920792079207 0.19286303630363036 0.8082920792079207 0.40635313531353134 0.6829826732673268 0.40635313531353134
21 0.5050742574257426 0.0010313531353135313 0.5839727722772278 0.0010313531353135313 0.5839727722772278 0.14851485148514854 0.5050742574257426 0.14851485148514854
20 0.5422029702970297 0.20317656765676567 0.6249690594059406 0.20317656765676567 0.6249690594059406 0.35066006600660066 0.5422029702970297 0.35066006600660066
13 0.37435024752475243 0.0020627062706270625 0.46021039603960395 0.0020627062706270625 0.46021039603960395 0.10004125412541254 0.37435024752475243 0.10004125412541254
14 0.35114480198019804 0.06291254125412542 0.43700495049504945 0.06291254125412542 0.43700495049504945 0.2268976897689769 0.35114480198019804 0.2268976897689769
0 0.4400990099009901 0.07838283828382837 0.49965965346534646 0.07838283828382837 0.49965965346534646 0.28052805280528054 0.4400990099009901 0.28052805280528054
3 0.3519183168316832 0.26815181518151815 0.4431930693069307 0.26815181518151815 0.4431930693069307 0.3795379537953795 0.3519183168316832 0.3795379537953795
23 0.20340346534653464 0.0020627062706270625 0.324845297029703 0.0020627062706270625 0.324845297029703 0.2877475247524753 0.20340346534653464 0.2877475247524753
5 0.2637376237623762 0.28052805280528054 0.35655940594059404 0.28052805280528054 0.35655940594059404 0.44863861386138615 0.2637376237623762 0.44863861386138615
4 0.40219678217821786 0.3640676567656766 0.47645420792079207 0.3640676567656766 0.47645420792079207 0.510519801980198 0.40219678217821786 0.510519801980198
1 0.14538985148514852 0.4311056105610561 0.25136138613861386 0.4311056105610561 0.25136138613861386 0.6394389438943894 0.14538985148514852 0.6394389438943894
22 0.4733601485148514 0.4744224422442244 0.6489480198019801 0.4744224422442244 0.6489480198019801 0.6817244224422442 0.4733601485148514 0.6817244224422442
