29 0.31781462585034015 0.24518140589569162 0.43154761904761907 0.24518140589569162 0.43154761904761907 0.33730158730158727 0.31781462585034015 0.33730158730158727
13 0.48788265306122447 0.2040816326530612 0.6303146258503401 0.2040816326530612 0.6303146258503401 0.3018707482993197 0.48788265306122447 0.3018707482993197
6 0.6340348639455782 0.22959183673469388 0.6749574829931972 0.22959183673469388 0.6749574829931972 0.2784863945578231 0.6340348639455782 0.2784863945578231
3 0.44430272108843544 0.6207482993197279 0.5187074829931972 0.6207482993197279 0.5187074829931972 0.6937358276643991 0.44430272108843544 0.6937358276643991
14 0.5516581632653061 0.5066609977324263 0.61968537414966 0.5066609977324263 0.61968537414966 0.6611394557823129 0.5516581632653061 0.6611394557823129
16 0.5856717687074829 0.6398809523809524 0.6590136054421769 0.6398809523809524 0.6590136054421769 0.7043650793650793 0.5856717687074829 0.7043650793650793
13 0.6473214285714286 0.5690192743764173 0.7440476190476191 0.5690192743764173 0.7440476190476191 0.6781462585034014 0.6473214285714286 0.6781462585034014
30 0.7493622448979592 0.6377551020408164 0.7764668367346939 0.6377551020408164 0.7764668367346939 0.6618480725623583 0.7493622448979592 0.6618480725623583
15 0.46460176991150437 0.896386430678466 0.4870022123893805 0.896386430678466 0.4870022123893805 0.928834808259587 0.46460176991150437 0.928834808259587
31 0.6023230088495575 0.8266961651917403 0.6233407079646017 0.8266961651917403 0.6233407079646017 0.853244837758112 0.6023230088495575 0.853244837758112
