1 0.11444925742574256 0.13098184818481848 0.21268564356435643 0.13098184818481848 0.21268564356435643 0.34859735973597356 0.11444925742574256 0.34859735973597356
23 0.37280321782178216 0.0010313531353135313 0.47645420792079207 0.0010313531353135313 0.47645420792079207 0.18873762376237624 0.37280321782178216 0.18873762376237624
14 0.512035891089109 0.02165841584158416 0.5893873762376238 0.02165841584158416 0.5893873762376238 0.18254950495049505 0.512035891089109 0.18254950495049505
0 0.5290532178217822 0.0721947194719472 0.5878403465346534 0.0721947194719472 0.5878403465346534 0.26918316831683164 0.5290532178217822 0.26918316831683164
13 0.5878403465346534 0.003094059405940594 0.6953589108910891 0.003094059405940594 0.6953589108910891 0.14851485148514854 0.5878403465346534 0.14851485148514854
21 0.6737004950495049 0.018564356435643567 0.783539603960396 0.018564356435643567 0.783539603960396 0.22174092409240925 0.6737004950495049 0.22174092409240925
33 0.8423267326732674 0.0010313531353135313 0.9506188118811881 0.0010313531353135313 0.9506188118811881 0.21658415841584158 0.8423267326732674 0.21658415841584158
29 0.7502784653465346 0.12582508250825084 0.8477413366336635 0.12582508250825084 0.8477413366336635 0.3723184818481848 0.7502784653465346 0.3723184818481848
5 0.3047339108910891 0.13304455445544555 0.3867264851485149 0.13304455445544555 0.3867264851485149 0.28671617161716173 0.3047339108910891 0.28671617161716173
3 0.4130259900990099 0.2073019801980198 0.49192450495049506 0.2073019801980198 0.49192450495049506 0.27846534653465344 0.4130259900990099 0.27846534653465344
4 0.3503712871287129 0.26505775577557755 0.4261757425742574 0.26505775577557755 0.4261757425742574 0.40944719471947194 0.3503712871287129 0.40944719471947194
20 0.5414294554455445 0.24752475247524755 0.6528155940594059 0.24752475247524755 0.6528155940594059 0.3950082508250825 0.5414294554455445 0.3950082508250825
22 0.28230198019801983 0.41563531353135313 0.4563428217821782 0.41563531353135313 0.4563428217821782 0.6115924092409241 0.28230198019801983 0.6115924092409241
21 0.6520420792079208 0.34137788778877887 0.7595606435643564 0.34137788778877887 0.7595606435643564 0.5517739273927392 0.6520420792079208 0.5517739273927392
