14 0.3449400906735752 0.19297279792746114 0.42589863989637305 0.19297279792746114 0.42589863989637305 0.38295552677029365 0.3449400906735752 0.38295552677029365
29 0.5360022668393782 0.17354274611398965 0.6177704015544042 0.17354274611398965 0.6177704015544042 0.37755829015544046 0.5360022668393782 0.37755829015544046
13 0.6930618523316062 0.2728518998272884 0.8112613341968912 0.2728518998272884 0.8112613341968912 0.36784326424870467 0.6930618523316062 0.36784326424870467
24 0.3813714378238342 0.6798035405872194 0.41132610103626943 0.6798035405872194 0.41132610103626943 0.7121869602763385 0.3813714378238342 0.7121869602763385
6 0.4477574481865285 0.6603734887737479 0.5003805051813471 0.6603734887737479 0.5003805051813471 0.7240608808290155 0.4477574481865285 0.7240608808290155
16 0.5554323186528498 0.6225928324697755 0.5959115932642487 0.6225928324697755 0.5959115932642487 0.7154253022452505 0.5554323186528498 0.7154253022452505
31 0.661488018134715 0.6841213298791019 0.6906330958549223 0.6841213298791019 0.6906330958549223 0.7229814335060449 0.661488018134715 0.7229814335060449
30 0.7383986398963731 0.6905980138169258 0.7634957901554404 0.6905980138169258 0.7634957901554404 0.7219019861830742 0.7383986398963731 0.7219019861830742
13 0.4072781735751295 0.9000107944732297 0.49147506476683944 0.9000107944732297 0.49147506476683944 0.979889896373057 0.4072781735751295 0.979889896373057
3 0.5311447538860103 0.8816601899827289 0.5845773963730571 0.8816601899827289 0.5845773963730571 0.9604598445595856 0.5311447538860103 0.9604598445595856
