24 0.9328279702970297 0.9333745874587458 0.9862004950495049 0.9333745874587458 0.9862004950495049 0.9973184818481848 0.9328279702970297 0.9973184818481848
24 0.9629950495049504 0.8849009900990098 0.9984375 0.8849009900990098 0.9984375 0.95 0.9629950495049504 0.95
28 0.7827660891089108 0.3950082508250825 0.8949257425742575 0.3950082508250825 0.8949257425742575 0.4672029702970297 0.7827660891089108 0.4672029702970297
13 0.5429764851485148 0.41563531353135313 0.6883972772277228 0.41563531353135313 0.6883972772277228 0.5558993399339934 0.5429764851485148 0.5558993399339934
1 0.4068378712871287 0.033003300330033 0.4455136138613861 0.033003300330033 0.4455136138613861 0.1938943894389439 0.4068378712871287 0.1938943894389439
22 0.19334777227722771 0.18151815181518152 0.3086014851485149 0.18151815181518152 0.3086014851485149 0.27743399339933994 0.19334777227722771 0.27743399339933994
21 0.1415222772277228 0.3032178217821782 0.24517326732673267 0.3032178217821782 0.24517326732673267 0.47545379537953797 0.1415222772277228 0.47545379537953797
4 0.33876856435643565 0.1949257425742574 0.3967821782178218 0.1949257425742574 0.3967821782178218 0.30115511551155116 0.33876856435643565 0.30115511551155116
5 0.4354579207920792 0.16398514851485146 0.486509900990099 0.16398514851485146 0.486509900990099 0.27743399339933994 0.4354579207920792 0.27743399339933994
0 0.4261757425742574 0.246493399339934 0.4772277227722772 0.246493399339934 0.4772277227722772 0.4146039603960396 0.4261757425742574 0.4146039603960396
14 0.5104888613861387 0.2877475247524753 0.5824257425742574 0.2877475247524753 0.5824257425742574 0.43316831683168316 0.5104888613861387 0.43316831683168316
21 0.44396658415841583 0.3877887788778878 0.532920792079208 0.3877887788778878 0.532920792079208 0.5558993399339934 0.44396658415841583 0.5558993399339934
20 0.3016398514851485 0.3155940594059406 0.37899133663366336 0.3155940594059406 0.37899133663366336 0.4290429042904291 0.3016398514851485 0.4290429042904291
29 0.2645111386138614 0.3857260726072607 0.3797648514851485 0.3857260726072607 0.3797648514851485 0.5940594059405941 0.2645111386138614 0.5940594059405941
33 0.42076113861386133 0.525990099009901 0.5290532178217822 0.525990099009901 0.5290532178217822 0.7642326732673267 0.42076113861386133 0.7642326732673267
7 0.6087252475247524 0.6714108910891089 0.7580136138613861 0.6714108910891089 0.7580136138613861 0.9839108910891089 0.6087252475247524 0.9839108910891089
23 0.5174504950495049 0.066006600660066 0.6837561881188119 0.066006600660066 0.6837561881188119 0.35994224422442245 0.5174504950495049 0.35994224422442245
