14 0.40374381188118813 0.0020627062706270625 0.4841893564356436 0.0020627062706270625 0.4841893564356436 0.17636138613861388 0.40374381188118813 0.17636138613861388
21 0.5236386138613861 0.0020627062706270625 0.5870668316831683 0.0020627062706270625 0.5870668316831683 0.07013201320132013 0.5236386138613861 0.07013201320132013
29 0.648174504950495 0.0010313531353135313 0.7379022277227723 0.0010313531353135313 0.7379022277227723 0.10829207920792079 0.648174504950495 0.10829207920792079
21 0.7433168316831683 0.05156765676567657 0.8608910891089108 0.05156765676567657 0.8608910891089108 0.25165016501650167 0.7433168316831683 0.25165016501650167
0 0.5066212871287129 0.017533003300330034 0.559220297029703 0.017533003300330034 0.559220297029703 0.20627062706270627 0.5066212871287129 0.20627062706270627
20 0.6094987623762377 0.10107260726072606 0.6930383663366337 0.10107260726072606 0.6930383663366337 0.2403052805280528 0.6094987623762377 0.2403052805280528
3 0.4671720297029703 0.20833333333333334 0.5267326732673268 0.20833333333333334 0.5267326732673268 0.3166254125412541 0.4671720297029703 0.3166254125412541
23 0.2590965346534654 0.0020627062706270625 0.40915841584158413 0.0020627062706270625 0.40915841584158413 0.279496699669967 0.2590965346534654 0.279496699669967
5 0.40451732673267327 0.22896039603960397 0.4772277227722772 0.22896039603960397 0.4772277227722772 0.39397689768976896 0.40451732673267327 0.39397689768976896
1 0.37435024752475243 0.3774752475247525 0.44164603960396037 0.3774752475247525 0.44164603960396037 0.5837458745874587 0.37435024752475243 0.5837458745874587
4 0.5375618811881189 0.27124587458745875 0.611045792079208 0.27124587458745875 0.611045792079208 0.41563531353135313 0.5375618811881189 0.41563531353135313
22 0.6396658415841584 0.3362211221122112 0.8098391089108912 0.3362211221122112 0.8098391089108912 0.5228960396039605 0.6396658415841584 0.5228960396039605
