6 0.6207812500000001 0.22041666666666665 0.67109375 0.22041666666666665 0.67109375 0.28187500000000004 0.6207812500000001 0.28187500000000004
29 0.2696333135391924 0.5866488519398259 0.34942844418052255 0.5866488519398259 0.34942844418052255 0.7113519398258116 0.2696333135391924 0.7113519398258116
24 0.380604216152019 0.6480106888361045 0.4112232779097387 0.6480106888361045 0.4112232779097387 0.6804235946159937 0.380604216152019 0.6804235946159937
3 0.4422134798099762 0.619061757719715 0.5177404988123515 0.619061757719715 0.5177404988123515 0.6937846397466351 0.4422134798099762 0.6937846397466351
14 0.5474317102137768 0.5079671417260491 0.6153503562945368 0.5079671417260491 0.6153503562945368 0.6633511480601743 0.5474317102137768 0.6633511480601743
31 0.5316582541567696 0.6502375296912114 0.5674732779097387 0.6502375296912114 0.5674732779097387 0.694279493269992 0.5316582541567696 0.694279493269992
16 0.5838034441805225 0.6413301662707839 0.6576603325415677 0.6413301662707839 0.6576603325415677 0.7034342834520982 0.5838034441805225 0.7034342834520982
13 0.7157437648456056 0.5341943784639747 0.7918274940617577 0.5341943784639747 0.7918274940617577 0.6507323832145685 0.7157437648456056 0.6507323832145685
13 0.6431858669833729 0.5673495645288995 0.7445071258907363 0.5673495645288995 0.7445071258907363 0.6774544734758512 0.6431858669833729 0.6774544734758512
30 0.7445071258907363 0.6353919239904988 0.7738271971496438 0.6353919239904988 0.7738271971496438 0.66236144101346 0.7445071258907363 0.66236144101346
