31 0.35281250000000003 0.22895833333333335 0.3928125 0.22895833333333335 0.3928125 0.28791666666666665 0.35281250000000003 0.28791666666666665
16 0.30265624999999996 0.2808333333333334 0.3696875 0.2808333333333334 0.3696875 0.33041666666666664 0.30265624999999996 0.33041666666666664
24 0.4174440298507462 0.29673063255152804 0.451092750533049 0.29673063255152804 0.451092750533049 0.3247157071783937 0.4174440298507462 0.3247157071783937
30 0.564365671641791 0.29584221748400846 0.5966817697228144 0.29584221748400846 0.5966817697228144 0.31627576403695806 0.564365671641791 0.31627576403695806
17 0.6193363539445629 0.24520255863539442 0.747934434968017 0.24520255863539442 0.747934434968017 0.33049040511727074 0.6193363539445629 0.33049040511727074
3 0.3851279317697228 0.5743603411513859 0.44876066098081024 0.5743603411513859 0.44876066098081024 0.6347725657427149 0.3851279317697228 0.6347725657427149
14 0.45075959488272915 0.5148365316275764 0.5153917910447761 0.5148365316275764 0.5153917910447761 0.673862828713575 0.45075959488272915 0.673862828713575
35 0.6733075692963753 0.6272210376687988 0.7096215351812366 0.6272210376687988 0.7096215351812366 0.673862828713575 0.6733075692963753 0.673862828713575
31 0.5796908315565031 0.9337242359630419 0.609341684434968 0.9337242359630419 0.609341684434968 0.9674840085287845 0.5796908315565031 0.9674840085287845
13 0.5860207889125799 0.8302238805970148 0.6896321961620469 0.8302238805970148 0.6896321961620469 0.9008528784648188 0.5860207889125799 0.9008528784648188
13 0.6922974413646055 0.8062366737739872 0.7456023454157782 0.8062366737739872 0.7456023454157782 0.8919687277896232 0.6922974413646055 0.8919687277896232
