1 0.15931311881188118 0.058787128712871284 0.24439975247524753 0.058787128712871284 0.24439975247524753 0.27433993399339934 0.15931311881188118 0.27433993399339934
23 0.44164603960396037 0.0010313531353135313 0.5739170792079208 0.0010313531353135313 0.5739170792079208 0.20214521452145212 0.44164603960396037 0.20214521452145212
14 0.5770111386138613 0.066006600660066 0.6528155940594059 0.066006600660066 0.6528155940594059 0.23927392739273928 0.5770111386138613 0.23927392739273928
13 0.6628712871287129 0.06084983498349835 0.7765779702970297 0.06084983498349835 0.7765779702970297 0.22792904290429042 0.6628712871287129 0.22792904290429042
21 0.7216584158415842 0.1247937293729373 0.8446472772277227 0.1247937293729373 0.8446472772277227 0.32900165016501653 0.7216584158415842 0.32900165016501653
33 0.8840965346534654 0.14166666666666666 0.9984375 0.14166666666666666 0.9984375 0.3836633663366336 0.8840965346534654 0.3836633663366336
5 0.345730198019802 0.11448019801980198 0.41921410891089106 0.11448019801980198 0.41921410891089106 0.26196369636963696 0.345730198019802 0.26196369636963696
3 0.4339108910891089 0.21555280528052806 0.5236386138613861 0.21555280528052806 0.5236386138613861 0.30424917491749176 0.4339108910891089 0.30424917491749176
20 0.5244121287128712 0.3083745874587459 0.642759900990099 0.3083745874587459 0.642759900990099 0.4568894389438944 0.5244121287128712 0.4568894389438944
4 0.34340965346534646 0.25577557755775576 0.4184405940594059 0.25577557755775576 0.4184405940594059 0.39603960396039606 0.34340965346534646 0.39603960396039606
22 0.2142326732673267 0.3898514851485148 0.3898205445544554 0.3898514851485148 0.3898205445544554 0.5775577557755776 0.2142326732673267 0.5775577557755776
29 0.7386757425742575 0.26196369636963696 0.8771349009900989 0.26196369636963696 0.8771349009900989 0.508457095709571 0.7386757425742575 0.508457095709571
21 0.5862933168316832 0.4372937293729373 0.6883972772277228 0.4372937293729373 0.6883972772277228 0.6538778877887789 0.5862933168316832 0.6538778877887789
