13 0.35423886138613864 0.20833333333333334 0.43700495049504945 0.20833333333333334 0.43700495049504945 0.29496699669966997 0.35423886138613864 0.29496699669966997
29 0.5808787128712871 0.24443069306930693 0.7239789603960396 0.24443069306930693 0.7239789603960396 0.3104372937293729 0.5808787128712871 0.3104372937293729
14 0.4532487623762377 0.5043316831683168 0.5197710396039603 0.5043316831683168 0.5197710396039603 0.662128712871287 0.4532487623762377 0.662128712871287
6 0.7221875 0.559375 0.7675 0.559375 0.7675 0.613125 0.7221875 0.613125
31 0.7165625 0.6122916666666666 0.7424999999999999 0.6122916666666666 0.7424999999999999 0.6425 0.7165625 0.6425
35 0.67859375 0.6047916666666667 0.7153125 0.6047916666666667 0.7153125 0.6447916666666667 0.67859375 0.6447916666666667
3 0.635 0.5739583333333333 0.7067187500000001 0.5739583333333333 0.7067187500000001 0.6395833333333333 0.635 0.6395833333333333
16 0.46359374999999997 0.8414583333333333 0.5103125000000001 0.8414583333333333 0.5103125000000001 0.9070833333333332 0.46359374999999997 0.9070833333333332
30 0.5231250000000001 0.9143749999999999 0.5490625 0.9143749999999999 0.5490625 0.9372916666666666 0.5231250000000001 0.9372916666666666
15 0.6002331002331002 0.8687839937839938 0.62546875 0.8687839937839938 0.62546875 0.89625 0.6002331002331002 0.89625
13 0.7226107226107226 0.7964257964257964 0.7728729603729604 0.7964257964257964 0.7728729603729604 0.861985236985237 0.7226107226107226 0.861985236985237
13 0.6814539627039627 0.809052059052059 0.7218822843822844 0.809052059052059 0.7218822843822844 0.8581002331002331 0.6814539627039627 0.8581002331002331
