1 0.0007425742574257432 0.10416666666666667 0.08350866336633662 0.10416666666666667 0.08350866336633662 0.3197194719471947 0.0007425742574257432 0.3197194719471947
5 0.17478341584158413 0.16501650165016502 0.26992574257425744 0.16501650165016502 0.26992574257425744 0.32797029702970293 0.17478341584158413 0.32797029702970293
4 0.15157797029702968 0.3186881188118812 0.25058787128712867 0.3186881188118812 0.25058787128712867 0.4672029702970297 0.15157797029702968 0.4672029702970297
22 0.0007425742574257432 0.45792079207920794 0.18251856435643563 0.45792079207920794 0.18251856435643563 0.6683168316831682 0.0007425742574257432 0.6683168316831682
3 0.27998143564356437 0.27124587458745875 0.3751237623762377 0.27124587458745875 0.3751237623762377 0.3692244224422442 0.27998143564356437 0.3692244224422442
23 0.2737933168316832 0.0 0.44396658415841583 0.0 0.44396658415841583 0.25474422442244227 0.2737933168316832 0.25474422442244227
0 0.3991027227722772 0.1949257425742574 0.4617574257425742 0.1949257425742574 0.4617574257425742 0.39397689768976896 0.3991027227722772 0.39397689768976896
14 0.43468440594059404 0.14232673267326731 0.5128094059405941 0.14232673267326731 0.5128094059405941 0.30424917491749176 0.43468440594059404 0.30424917491749176
13 0.5406559405940594 0.12273102310231022 0.6543626237623762 0.12273102310231022 0.6543626237623762 0.29702970297029707 0.5406559405940594 0.29702970297029707
21 0.5878403465346534 0.20833333333333334 0.6868502475247524 0.20833333333333334 0.6868502475247524 0.41563531353135313 0.5878403465346534 0.41563531353135313
33 0.7502784653465346 0.2268976897689769 0.9011138613861386 0.2268976897689769 0.9011138613861386 0.48267326732673266 0.7502784653465346 0.48267326732673266
7 0.9103960396039603 0.13820132013201322 0.9970297029702969 0.13820132013201322 0.9970297029702969 0.37334983498349833 0.9103960396039603 0.37334983498349833
29 0.570049504950495 0.3661303630363036 0.6914913366336634 0.3661303630363036 0.6914913366336634 0.6105610561056106 0.570049504950495 0.6105610561056106
20 0.3465037128712871 0.3877887788778878 0.4671720297029703 0.3877887788778878 0.4671720297029703 0.543523102310231 0.3465037128712871 0.543523102310231
21 0.36584158415841583 0.5445544554455445 0.4772277227722772 0.5445544554455445 0.4772277227722772 0.7693894389438944 0.36584158415841583 0.7693894389438944
