17 0.3166073384446878 0.24735304855786783 0.4762801204819277 0.24735304855786783 0.4762801204819277 0.3274461482292807 0.3166073384446878 0.3274461482292807
3 0.5503582802547771 0.2592002830856334 0.6346204883227176 0.2592002830856334 0.6346204883227176 0.30962491153573957 0.5503582802547771 0.30962491153573957
14 0.6704485138004246 0.12783085633404104 0.7537154989384288 0.12783085633404104 0.7537154989384288 0.29900920028308564 0.6704485138004246 0.29900920028308564
31 0.7192144373673036 0.6064225053078557 0.7464171974522293 0.6064225053078557 0.7464171974522293 0.6400389242745931 0.7192144373673036 0.6400389242745931
6 0.5540074309978769 0.5595364472753008 0.5924893842887473 0.5595364472753008 0.5924893842887473 0.6232307147912244 0.5540074309978769 0.6232307147912244
13 0.304869957537155 0.5489207360226468 0.37851645435244163 0.5489207360226468 0.37851645435244163 0.6139419674451522 0.304869957537155 0.6139419674451522
16 0.3443471337579618 0.6077494692144374 0.4103635881104034 0.6077494692144374 0.4103635881104034 0.6595010615711253 0.3443471337579618 0.6595010615711253
35 0.4714039278131635 0.6143842887473461 0.5042462845010616 0.6143842887473461 0.5042462845010616 0.6528662420382165 0.4714039278131635 0.6528662420382165
30 0.5059049893842887 0.6426928520877566 0.5331077494692145 0.6426928520877566 0.5331077494692145 0.6701167728237791 0.5059049893842887 0.6701167728237791
15 0.6014463906581742 0.8718152866242038 0.625 0.8718152866242038 0.625 0.8934890304317056 0.6014463906581742 0.8934890304317056
13 0.6830546709129511 0.8112172682236377 0.7334792993630573 0.8112172682236377 0.7334792993630573 0.8589879688605804 0.6830546709129511 0.8589879688605804
13 0.7341427813163481 0.8023708421797593 0.7742834394904459 0.8023708421797593 0.7742834394904459 0.8519108280254777 0.7341427813163481 0.8519108280254777
