24 0.027815594059405944 0.028877887788778877 0.03864480198019802 0.028877887788778877 0.03864480198019802 0.04847359735973598 0.027815594059405944 0.04847359735973598
24 0.11135519801980198 0.007219471947194719 0.14074876237623762 0.007219471947194719 0.14074876237623762 0.02990924092409241 0.11135519801980198 0.02990924092409241
7 0.2552289603960396 0.004125412541254125 0.31092202970297034 0.004125412541254125 0.31092202970297034 0.06291254125412542 0.2552289603960396 0.06291254125412542
33 0.32561881188118813 0.0020627062706270625 0.40761138613861386 0.0020627062706270625 0.40761138613861386 0.15573432343234325 0.32561881188118813 0.15573432343234325
21 0.3031868811881188 0.08457095709570957 0.3851794554455446 0.08457095709570957 0.3851794554455446 0.25474422442244227 0.3031868811881188 0.25474422442244227
29 0.44628712871287124 0.04950495049504951 0.5290532178217822 0.04950495049504951 0.5290532178217822 0.24752475247524755 0.44628712871287124 0.24752475247524755
21 0.5839727722772278 0.17326732673267328 0.6667388613861387 0.17326732673267328 0.6667388613861387 0.35066006600660066 0.5839727722772278 0.35066006600660066
13 0.17555693069306932 0.1908003300330033 0.2652846534653465 0.1908003300330033 0.2652846534653465 0.27330858085808585 0.17555693069306932 0.27330858085808585
14 0.2327970297029703 0.24133663366336633 0.314789603960396 0.24133663366336633 0.314789603960396 0.41254125412541254 0.2327970297029703 0.41254125412541254
23 0.009251237623762376 0.17739273927392737 0.28152846534653464 0.17739273927392737 0.28152846534653464 0.5517739273927392 0.009251237623762376 0.5517739273927392
3 0.33799504950495046 0.4228547854785479 0.39600866336633667 0.4228547854785479 0.39600866336633667 0.5352722772277227 0.33799504950495046 0.5352722772277227
0 0.3325804455445544 0.2207095709570957 0.40451732673267327 0.2207095709570957 0.40451732673267327 0.40429042904290424 0.3325804455445544 0.40429042904290424
20 0.4540222772277228 0.2629950495049505 0.5313737623762377 0.2629950495049505 0.5313737623762377 0.3919141914191419 0.4540222772277228 0.3919141914191419
4 0.44628712871287124 0.4568894389438944 0.5166769801980198 0.4568894389438944 0.5166769801980198 0.5992161716171617 0.44628712871287124 0.5992161716171617
22 0.5692759900990099 0.45792079207920794 0.736355198019802 0.45792079207920794 0.736355198019802 0.6425330033003299 0.5692759900990099 0.6425330033003299
5 0.293904702970297 0.4744224422442244 0.3867264851485149 0.4744224422442244 0.3867264851485149 0.6384075907590759 0.293904702970297 0.6384075907590759
1 0.33799504950495046 0.6610973597359736 0.41921410891089106 0.6610973597359736 0.41921410891089106 0.8642739273927392 0.33799504950495046 0.8642739273927392
