13 0.36194138601036274 0.5772560449050086 0.4477574481865285 0.5772560449050086 0.4477574481865285 0.6668501727115717 0.36194138601036274 0.6668501727115717
29 0.5109051165803109 0.2329123488773748 0.6558209196891192 0.2329123488773748 0.6558209196891192 0.3235859240069085 0.5109051165803109 0.3235859240069085
13 0.6436771373056995 0.5578259930915371 0.7464944948186528 0.5578259930915371 0.7464944948186528 0.6765651986183074 0.6436771373056995 0.6765651986183074
24 0.37975226683937824 0.29012305699481866 0.4137548575129534 0.29012305699481866 0.4137548575129534 0.31710924006908464 0.37975226683937824 0.31710924006908464
16 0.41456444300518136 0.2750107944732297 0.4955229922279793 0.2750107944732297 0.4955229922279793 0.3225064766839378 0.41456444300518136 0.3225064766839378
6 0.4752833549222798 0.5675410189982729 0.5133338730569948 0.5675410189982729 0.5133338730569948 0.6215133851468049 0.4752833549222798 0.6215133851468049
3 0.5141434585492228 0.863309585492228 0.5554323186528498 0.863309585492228 0.5554323186528498 0.9377914507772022 0.5141434585492228 0.9377914507772022
31 0.5991499352331606 0.8298467184801381 0.622627914507772 0.8298467184801381 0.622627914507772 0.8589917962003455 0.5991499352331606 0.8589917962003455
14 0.6784893134715027 0.8007016407599309 0.7473040803108809 0.8007016407599309 0.7473040803108809 0.9464270293609672 0.6784893134715027 0.9464270293609672
30 0.6291045984455959 0.8741040587219344 0.6558209196891192 0.8741040587219344 0.6558209196891192 0.9064874784110536 0.6291045984455959 0.9064874784110536
