13 0.321875 0.0 0.4074483775811209 0.0 0.4074483775811209 0.1124631268436578 0.321875 0.1124631268436578
14 0.31065634218289084 0.03687315634218289 0.39684734513274333 0.03687315634218289 0.39684734513274333 0.20218780727630287 0.31065634218289084 0.20218780727630287
21 0.4581489675516224 0.0 0.5194505899705015 0.0 0.5194505899705015 0.11000491642084562 0.4581489675516224 0.11000491642084562
29 0.5830567846607669 0.0012291052114060963 0.6738569321533923 0.0012291052114060963 0.6738569321533923 0.16900196656833827 0.5830567846607669 0.16900196656833827
23 0.15302359882005898 0.0 0.29728982300884954 0.0 0.29728982300884954 0.2906833824975418 0.15302359882005898 0.2906833824975418
33 0.5392699115044247 0.0 0.5936578171091444 0.0 0.5936578171091444 0.028269419862340217 0.5392699115044247 0.028269419862340217
0 0.4023783185840708 0.05346607669616519 0.46506268436578174 0.05346607669616519 0.46506268436578174 0.24520648967551623 0.4023783185840708 0.24520648967551623
20 0.5097713864306784 0.1554818092428712 0.5922750737463127 0.1554818092428712 0.5922750737463127 0.29621435594886925 0.5097713864306784 0.29621435594886925
21 0.6489675516224189 0.12475417895771877 0.7655789085545722 0.12475417895771877 0.7655789085545722 0.3294001966568338 0.6489675516224189 0.3294001966568338
3 0.33093657817109146 0.23906096361848572 0.41758849557522126 0.23906096361848572 0.41758849557522126 0.34906588003933137 0.33093657817109146 0.34906588003933137
5 0.2516592920353982 0.25688298918387414 0.3433812684365781 0.25688298918387414 0.3433812684365781 0.420968534906588 0.2516592920353982 0.420968534906588
4 0.39362094395280234 0.32079646017699115 0.46875 0.32079646017699115 0.46875 0.46521632251720746 0.39362094395280234 0.46521632251720746
1 0.16039823008849557 0.40621927236971483 0.26318215339233036 0.40621927236971483 0.26318215339233036 0.6200835791543756 0.16039823008849557 0.6200835791543756
22 0.478429203539823 0.4105211406096362 0.6489675516224189 0.4105211406096362 0.6489675516224189 0.6022615535889871 0.478429203539823 0.6022615535889871
